0.137860446025 0.630132004492
0.227204907063 0.642518370639
0.286200661472 0.770457049767
0.336643936831 0.734262261254
0.383275423734 0.785604985845
0.426448281247 0.78941524762
0.463506754792 0.672921122693
0.492781155506 0.78081979536
0.52096143569 0.713162199596
0.551047267691 0.728314036343
0.575245333088 0.818844079446
0.596424093498 0.870338694014
0.622492615196 0.871775307084
0.644630163708 0.46882802906
0.659173240651 0.747591472597
0.679094956756 0.807897319256
0.698589033363 0.748412700905
0.71766291964 0.808414790722
0.735818502982 0.808916379809
0.754148601362 0.996454359703
0.771452664441 0.850455912231
0.788730633721 0.832038225356
0.804284334345 0.820410198377
0.819198426247 0.888915829998
0.833371573819 0.926339793625
0.84843250777 0.829667192532
0.862944654906 0.840503738796
0.876852948316 0.923188644512
0.89019743833 0.848062914597
0.905243160292 0.771720531541
0.918274894432 0.82019025973
0.930613753636 0.930160220038
0.943607837436 0.796233406297
0.956930890461 0.930297849288
0.969708704051 0.858508074448
0.9821795474 0.867944413823
0.993700886807 0.892817390842
1.00505789405 0.836544282902
1.01864154091 0.81746768773
1.03182154705 0.867959120381
1.04327704269 0.846175086252
1.05472570059 0.867103729671
1.06519188582 0.830147251084
1.07580943632 0.913879791828
1.08675661903 0.889973976713
1.09933162116 0.755378117175
1.11023261794 0.90392139556
1.1202538612 0.829236880534
1.13002336801 1.03029526444
1.14185155853 0.813171450127
1.15512181173 0.938713023137
1.16871023602 0.855825612765
1.17982031082 0.942014918026
1.19272450086 0.775884573951
1.20492549456 1.01151028731
1.21615980527 0.863711291945
1.23081537297 0.800703775075
1.24314226498 0.873109523088
1.25348998189 0.944840328799
1.26472257822 0.998400156977
1.27531557676 0.878583929113
1.28761099137 0.883284286164
1.29737977211 0.884846183707
1.30713641785 0.781459373352
1.31756212395 0.853803342072
1.32825298572 0.956534073477
1.33857904135 0.855336673708
1.34758932259 0.772833803767
1.35716214248 1.01278626479
1.36677498317 0.877047673307
1.37633988565 0.885395386504
1.38544039964 0.896807107359
1.39493251025 0.886636766112
1.40433083123 0.886682327024
1.41382296707 0.887264339426
1.42236338708 0.841479912167
1.4326874527 0.795478590135
1.44376255396 1.10034040244
1.45345889544 0.895745861377
1.46185207966 0.862039008154
1.47134280676 0.840930667092
1.48028397878 0.929836260471
1.48845415317 1.00788059541
1.49760913912 0.904969364994
1.50674658649 0.837688917925
1.51565615521 0.815929047006
1.5247543259 0.882893285137
1.53381082083 0.818408362685
1.54300826543 0.753446162074
1.55143517565 0.948685302951
1.56098522816 0.936612031572
1.57108453813 0.743665759
1.57923331186 0.833777431319
1.58761117615 0.894595499601
1.59692928386 0.790587496554
1.60572547138 0.786462493504
1.61418217619 0.903305247585
1.62175596841 0.804745319735
1.62925197867 0.853834239097
1.6378261281 0.771498986099
1.64651227918 0.769507458565
1.65527861635 0.895748794254
1.66277189408 0.893529469699
1.67036852007 0.781529948746
1.67934984751 0.686530039299
1.68811729132 0.904327968966
1.69575843439 0.855143157392
1.7037428979 0.881766756869
1.71162689146 0.827212521204
1.71993425291 0.923044942629
1.72897254391 0.928997289504
1.73734235843 0.785238222376
1.74546478488 0.809921155629
1.75289372812 0.86711921049
1.76050345164 0.959585351284
1.76836374367 0.812343780637
1.77582280942 0.770839611615
1.78459523574 0.819116010621
1.79343566671 0.859274623787
1.80174115188 0.996097490388
1.8096745508 0.829822651601
1.81806262406 0.948761729111
1.8261766558 0.873235100245
1.83441909792 0.807234188762
1.84311638337 0.840172556658
1.85161682912 0.916613659371
1.85883834334 0.737036067533
1.8680842632 0.763469839863
1.87858892369 0.873401949043
1.88694046602 0.876431745262
1.89637231579 0.838332722688
1.9039677243 0.837747616552
1.91093306202 0.800679995506
1.91961998717 0.924391978422
1.92801312185 0.99199468582
1.93643067738 0.801738959764
1.94509562617 0.730902928745
1.95434976922 0.795290770208
1.96438051245 1.01040656026
1.97347192849 0.828305734074
1.98215203393 0.889225727448
1.99102847699 0.979058891506
1.99967457421 0.715640516673
2.00887816753 0.908140902345
2.01868992738 0.759199711047
2.02845577986 0.712437242673
2.03847361566 0.899291516471
2.04645493864 0.797549908289
2.05403317918 0.815815646631
2.06390617087 0.755011815637
2.07346274679 0.679358750492
2.08301583446 0.846896689221
2.09137955842 0.86136943323
2.09988234354 0.736737610627
2.10835801766 0.87376911333
2.11744430208 0.788051463672
2.12682237964 0.886499692348
2.13626612384 0.784027652435
2.14525716747 0.811263715415
2.15423788065 0.848876811967
2.16450503295 0.850803275188
2.17384397035 0.799733322922
2.18315151936 0.810336365561
2.19177442066 0.834807157297
2.20045298615 0.861415082448
2.2113266699 0.810600175032
2.21960296212 0.739802482375
2.22806877471 0.836530901538
2.23725392596 0.714350574616
2.24657150679 0.769498983917
2.25606042009 0.77831292827
2.26703299595 0.843921560838
2.27670786187 0.888483956186
2.28573541708 0.75484827154
2.29499533226 0.981804277519
2.30464493961 0.790994116003
2.31318781772 0.802185337408
2.32325446025 0.826918093073
2.33245529523 0.748561473232
2.34122504377 0.86050381844
2.35100446278 0.92900546503
2.36028079423 1.012199383
2.37072754268 0.949879676747
2.37911302454 0.721599954205
2.38819944756 0.756528648751
2.39705229317 0.726531904647
2.40552546014 0.803718453059
2.41524712391 0.822897654605
2.42582293186 0.826287396436
2.43446035619 0.704349376303
2.4428533585 0.90266242199
2.45233865629 0.752983879764
2.46148405135 0.757187715016
2.47199910818 0.789964483485
2.48172627 0.86054728292
2.490233975 0.867130757827
2.49834758606 0.725299744465
2.50787307352 0.735455602649
2.51561468882 0.798601842837
2.52387378266 0.916424746306
2.53278681677 0.798761415388
2.54189623675 0.754013343247
2.55155691283 0.765722326613
2.56133379308 0.730206892654
2.57145500306 0.844980755538
2.58017163832 0.830033340094
2.58930231249 0.794400084025
2.59820561861 0.69846764017
2.60711618636 0.89251210014
2.61540287313 0.820238509614
2.6237759959 0.802278418162
2.63286233745 0.811601071984
2.64154145084 0.639971111097
2.64965208304 0.758870885047
2.65847019099 0.900107079298
2.66747138738 0.973032335814
2.67737720511 0.762625725441
2.68697536626 0.793811448916
2.69535791193 0.788092266318
2.7038760358 0.838696625217
2.7149204972 0.873005984654
2.72487404087 0.796467229006
2.73523123024 0.747600118826
2.74444451586 0.754153920836
2.75380506739 0.889289100258
2.76399244329 0.880740484887
2.77406519177 0.808417501007
2.78260476952 0.835876717757
2.7917303695 0.892591867389
2.80180387725 0.884877765525
2.8127135943 0.8681869774
2.82151620856 0.745715495475
2.83061754211 0.804019167469
2.84040517553 0.79203438464
2.85014891601 0.723605068354
2.86011174283 0.955301176443
2.86981014305 0.709958014403
2.87822330947 0.746228210752
2.88756292006 0.900664480406
2.89630731454 0.750107095837
2.90553815191 0.882300660856
2.9154858616 0.782527998724
2.92549523605 0.70988825508
2.9361184265 1.0003392765
2.94726768437 0.892265711068
2.95719256473 0.842845087358
2.96566985827 0.86141198456
2.9745650716 0.697886243519
2.98615037875 0.751630758538
2.99619166376 0.724735942929
3.00742953941 0.748546647315
3.016924882 0.799603264241
3.02821990529 0.81630367157
3.03865022305 0.692442417486
3.04933653764 0.770112893662
3.05896838081 0.770950167507
3.06804158006 0.802830795606
3.07884578754 0.847172717366
3.08881346176 0.785159115599
3.0990785544 0.787251229207
3.1080518143 0.766055282123
3.11778115083 0.805237381546
3.12798992989 0.880769886912
3.13896776682 0.803542724322
3.1505046505 0.793217439136
3.162488202 0.809862527986
3.17270030396 0.682877046722
3.18245367174 0.954805942475
3.1925478474 0.721801927989
3.20243374035 0.810794567673
3.21206838432 0.758687845884
3.22220451494 0.786507951436
3.23147910344 0.7254075293
3.24288875544 0.821190674972
3.25377952753 0.913922154681
3.26589157754 0.651161358036
3.27567102966 0.781563627518
3.28432570469 0.797719475779
3.2953957058 0.801893648999
3.30676538564 0.845374758597
3.3176126979 0.801195885308
3.32931170896 0.904527227135
3.34245979447 0.788415332062
3.35339684113 0.760462773633
3.36619053117 0.806234880255
3.37687033798 0.728141725789
3.3876038491 0.874270049333
3.3991846448 0.690115854632
3.41122406653 0.96479565373
3.42300936104 0.795295359229
3.43437824124 0.801810666252
3.44697150539 0.734041216742
3.45829284426 0.767070344894
3.4693837457 0.706678025024
3.48116986878 0.82784088518
3.49241115745 0.781506226308
3.5030260914 0.805010504662
3.51286789174 0.742380068717
3.5230317995 0.790765296082
3.5338338374 0.910577284886
3.54401368494 0.731034734259
3.55546604727 0.768211054346
3.56584447893 0.768262673678
3.57676537995 0.760570419942
3.58739753813 0.810768574076
3.59809630312 0.743150787809
3.60927764769 0.845266892244
3.6220239888 0.759757722391
3.63271835295 0.770829176115
3.64486169858 0.733779567108
3.65594365367 0.811718321992
3.66727270982 0.709584261636
3.67815961613 0.756647532952
3.68948649684 0.765706774562
3.70052376055 0.865582534642
3.71296632101 0.669595312059
3.72431980238 0.723745846046
3.73552739658 0.827914182667
3.74721321071 0.783873733576
3.75880079735 0.786381198555
3.77056995504 0.864143425906
3.78181479738 0.85767693103
3.79410669096 0.900118986754
3.80587132685 0.832818930079
3.81917391736 0.895944945512
3.83104197962 0.90196146475
3.8434672793 0.818583857128
3.85437247634 0.669853786717
3.86703903392 0.794606426914
3.87963071318 0.733964056025
3.89157511614 0.624559044381
3.90398899059 0.813488246419
3.91719746605 0.816794694687
3.93098650054 0.771946620132
3.94323643487 0.810710317095
3.95429176297 0.825286848339
3.96609066241 0.810379657515
3.97834522023 0.67429562412
3.99032970428 0.697899889616
4.00315561427 0.734637230493
4.01571742347 0.855962545946
4.02799055118 0.818635180809
4.03988378184 0.781687135916
4.05172179624 0.81959350597
4.06329488962 0.863863198762
4.07523923756 0.790581336751
4.08656683529 0.805903682006
4.09951077426 0.749748613722
4.11056342328 0.750859802283
4.1225299994 0.811187796403
4.13406653368 0.81759598029
4.14588626454 0.759027219332
4.15770318808 0.727767135579
4.16989626792 0.845118114326
4.18090603498 0.723623666782
4.19498568873 0.80113268263
4.20934378139 0.796663331561
4.22289895068 0.74349151432
4.23623032029 0.790470577049
4.2488479786 0.88114327853
4.26328028974 0.892795072245
4.27667379142 0.708354240909
4.2879892313 0.896640068042
4.29946823427 0.749256370708
4.31158224899 0.770550747799
4.32422723213 0.760174803731
4.33738256284 0.76048568444
4.35078009093 0.804396917714
4.36466619357 0.770037584807
4.37757841482 0.787506566584
4.39082896856 0.847806404853
4.40307307709 0.86991408341
4.41696033878 0.785235952878
4.43004469179 0.646793368085
4.44250463135 0.755905560823
4.45567270428 0.846546806743
4.46828806855 0.835726003658
4.48233449892 0.752359741412
4.49771307313 0.839275925056
4.5119065864 0.765108638022
4.52549155414 0.775534750709
4.53920828805 0.66167390948
4.5513341922 0.757618106704
4.56367825513 0.8551358575
4.57638443705 0.788967727676
4.58918656773 0.832753984946
4.60001010025 0.691213043693
4.61392774164 0.790217971459
4.62704578062 0.987914020255
4.64109044603 0.81180483674
4.65473174207 0.853724472131
4.66851012902 0.86464187964
4.68358033634 0.721317955326
4.69778527176 0.937597841725
4.71191526417 0.816945393424
4.72634138007 0.808533462664
4.74060257912 0.789576617431
4.75630847795 0.916085549143
4.77121116578 0.690030469066
4.78719301712 0.781067882317
4.80013014761 0.73457392685
4.81386302163 0.672435033606
4.82970969019 0.736410620503
4.8437471254 0.728432063187
4.85742271974 0.776988663168
4.87411680302 0.774224312397
4.88802605328 0.767329388679
4.90256032567 0.794429443313
4.91821898021 0.729991966116
4.93293310279 0.863018946294
4.94921657904 0.779958892172
4.96429570818 0.722278879031
4.9805055995 0.751921252939
4.99556540351 0.793088066042
5.01013439401 0.826696872816
5.02856932587 0.817381979934
5.04169415998 0.914701675631
5.05453969291 0.928964572078
5.06866465814 0.677150409118
5.08385851363 0.656936941121
5.09900492462 0.837062203951
5.11589630096 0.685036176417
5.13036297996 0.650898460391
5.1477080697 0.738704344085
5.16334487414 0.797385176688
5.17853564562 0.760700003291
5.19369403562 0.76260671623
5.20955890725 0.660707288158
5.22478024817 0.874517326711
5.24036879461 0.68949253663
5.257016489 0.784732782782
5.27359542147 0.737527360441
5.28805678021 0.795516871164
5.3031299556 0.759516759572
5.31690264411 0.684316909756
5.33276705815 0.762742589289
5.34943903479 0.709685281906
5.36493627438 0.845088277304
5.38037941551 0.821418294515
5.39379366393 0.727758858363
5.41031371644 0.651354346975
5.42723225669 0.65595004031
5.44229158485 0.857628812241
5.45763262387 0.771949797402
5.47320147696 0.685390217903
5.48969923057 0.657492460913
5.50415419589 0.71497671608
5.52198203138 0.752245757574
5.54022088606 0.919406995603
5.55638259685 0.740106755371
5.57372482698 0.858516929969
5.59053781789 0.826316208541
5.6051283806 0.841192510936
5.6191270702 0.778086687993
5.63472025876 0.812829411369
5.6515830747 0.710174838361
5.66723894296 0.728605013512
5.68427293671 0.69386449303
5.70112715545 0.783266457918
5.71730255171 0.648777280048
5.73293794675 0.925537179424
5.75158622489 0.860324442878
5.76964245857 0.710223432481
5.7866979094 0.77724287196
5.80331104073 0.831207044593
5.81865729117 0.742931570561
5.83618399334 0.779402017692
5.85336985657 0.747406867506
5.87170886937 0.843973041091
5.88727580194 0.915238084069
5.90376295165 0.795339609938
5.91811936236 0.714299204595
5.93601022114 0.772155599459
5.95194606988 0.679124501148
5.96975108059 0.844857587115
5.98824412922 0.822160909668
6.0077223863 0.756093885431
6.0232794751 0.815435533492
6.03844805741 0.724712646521
6.05642174053 0.825654959682
6.07597730953 0.741185097854
6.09663434455 0.722246975178
6.11541971228 0.816244862644
6.13463276402 0.801132166877
6.15161041742 0.753803726302
6.17019588496 0.711118222703
6.18770669319 0.845591071081
6.20568143411 0.6508031455
6.22432549419 0.664681832148
6.24163409656 0.672329009303
6.25827907013 0.691327807138
6.27562217 0.735797532098
6.29295055741 0.772641530175
6.31023808729 0.728552268469
6.33039417443 0.692019728225
6.34819323372 0.713318713043
6.37003904945 0.749387397265
6.38939831015 0.755061679137
6.40656813735 0.724112760303
6.42732597563 0.746560279914
6.4455409568 0.675324797373
6.46290094313 0.688983724505
6.48340323381 0.664039636908
6.50323794621 0.905611775247
6.52381611519 0.806609968521
6.54350446808 0.840045196285
6.56000271563 0.706171547887
6.5798080645 0.880784301541
6.60052009649 0.754329155989
6.6198283454 0.696765768941
6.63917179996 0.740495084223
6.65925048788 0.827054383932
6.67901277157 0.741765704349
6.70095243076 0.697833131107
6.72142430968 0.783440817413
6.74173348041 0.67292086591
6.76046224416 0.736957417825
6.77860550034 0.721884317836
6.79987334287 0.713389491587
6.81970500577 0.684477784459
6.84146399545 0.635379828919
6.86161172444 0.679700017608
6.87984863204 0.710980792821
6.89787018076 0.634145447508
6.9162853843 0.75220434847
6.93593864964 0.685108059127
6.95647928494 0.6811277097
6.97883198287 0.653821618812
7.0006534771 0.718369168855
7.02319921635 0.745450371008
7.04890487727 0.768642872031
7.07048581884 0.674995172395
7.09328453462 0.616707439009
7.1184725217 0.697441584503
7.14168798952 0.651838894607
7.16273955176 0.758274671161
7.18447966583 0.836860154594
7.20378660422 0.641386947187
7.22618468665 0.84445809191
7.25193704807 0.627584548699
7.27325666078 0.656868065846
7.29686912493 0.727513308825
7.32081769506 0.656397852322
7.34372866052 0.669606282765
7.36407763856 0.729745501551
7.38289329209 0.607665011883
7.40566238379 0.894937031867
7.4322431924 0.71720812642
7.45426892093 0.615264309705
7.48003755484 0.676343170412
7.50490310523 0.668848147629
7.53117643568 0.637489029794
7.55644957194 0.822370789198
7.58049438933 0.783085230887
7.60457397035 0.820639276121
7.63089797546 0.66009202146
7.65841261576 0.668906218103
7.68590951006 0.766733313012
7.713409244 0.771884671695
7.74119781501 0.592375888766
7.76814062364 0.590952119528
7.79368973264 0.649063357306
7.82150672497 0.901108657223
7.84951929259 0.668181782723
7.87653223277 0.697523384036
7.9065788802 0.816312392648
7.93723725803 0.647392495884
7.96401987111 0.690843629936
7.99074420763 0.700279473911
8.01929701501 0.642444206484
8.0456684965 0.770192594181
8.07187475407 0.850781676215
8.10015956229 0.671533270289
8.13045215335 0.741774356056
8.16323766273 0.629979286446
8.19267484511 0.710315224
8.22177414243 0.624338411627
8.25649117974 0.772008701073
8.29124676752 0.822573545362
8.31863033733 0.61958960755
8.34814508026 0.571581352287
8.38044626101 0.574324035038
8.41680723414 0.736579298435
8.45157001345 0.639897585282
8.48521252422 0.695372742823
8.51974910559 0.782393272956
8.55345167953 0.766427274113
8.58304264105 0.551897955502
8.61572100838 0.736917281278
8.6474669372 0.600713501059
8.68208875403 0.775812413091
8.71432146818 0.702061570325
8.74447481 0.68350188304
8.77886350406 0.810039002127
8.81308212012 0.539481208556
8.85238771153 0.619090325103
8.89074218218 0.799120703219
8.92621093612 0.557580360181
8.95977792942 0.512838066842
8.99763132064 0.685680869968
9.03393662696 0.581300830716
9.06577024745 0.579790334387
9.10003792127 0.532849708275
9.13011558936 0.694097930866
9.16284431681 0.728081125748
9.19842821648 0.596042170227
9.23246621242 0.569586283424
9.27330711711 0.599797925439
9.30808637411 0.605721923515
9.34259334867 0.594922767093
9.38007325938 0.653716783451
9.41905349686 0.642590436897
9.45496238242 0.513593740892
9.49326629241 0.641696449643
9.53130354493 0.679574091167
9.568269227 0.773480316751
9.60128038425 0.677201854873
9.63872482198 0.599673604487
9.68083215996 0.788871388389
9.71938232721 0.683674291256
9.75490341192 0.504252646352
9.78800251776 0.695382571535
9.82495593485 0.653652901507
9.85966014573 0.820375922777
9.89534346276 0.805670859929
9.93750899786 0.703833767343
9.97320591385 0.62228254761
10.0094102528 0.598292013594
10.045982054 0.639962005113
10.0879145617 0.655547762157
10.133594757 0.664245523187
10.175362376 0.691699591569
10.2225016868 0.770555552762
10.2714953403 0.721474945756
10.3124853347 0.60444863989
10.3490261505 0.6002964619
10.3919073738 0.655590254894
10.4349123942 0.70337006833
10.4825672861 0.661260055735
10.5267515877 0.535127697285
10.5693302036 0.669127504857
10.6116351535 0.605584688848
10.6604480773 0.55324721674
10.7027266022 0.653974327414
10.747518036 0.728802495515
10.792053794 0.834614139411
10.8392562812 0.703062900795
10.8877336909 0.688220027922
10.9372066047 0.607629073389
10.9774891854 0.640747222977
11.025169135 0.487629806427
11.0699523928 0.700119738606
11.1132250049 0.659065681861
11.1598686214 0.50136041603
11.2089485996 0.813713109134
11.2602911062 0.62543527749
11.3105088252 0.647353433476
11.357551685 0.600476271278
11.4055717267 0.584291699263
11.4588173908 0.586379064266
11.5104896371 0.582157772505
11.554888158 0.600587193105
11.6009110585 0.582847755088
11.653183336 0.577181978907
11.7108677424 0.669316119985
11.7607198742 0.627188744828
11.8125288172 0.677275004622
11.8664454216 0.601278096703
11.9136421032 0.598748086249
11.9647658966 0.628928325377
12.0234735636 0.580075081251
12.0825410122 0.663388803469
12.1385878469 0.676340665802
12.1904045571 0.626483232516
12.2388153471 0.604853511554
12.2839040379 0.621726378531
12.3338966804 0.609852868625
12.3904380402 0.535898729518
12.442447458 0.654659150279
12.4924073186 0.528401928551
12.5482535179 0.57592670749
12.5991043001 0.692337196039
12.6518311144 0.622546319009
12.702738438 0.558859824291
12.7550252123 0.65296589956
12.8103747253 0.540677796761
12.8736696467 0.562728631846
12.9296193136 0.609900312122
12.9855831847 0.732341848864
13.0333132593 0.669732229411
13.0848615592 0.650838380543
13.1456042273 0.615718981046
13.2090176704 0.864918209254
13.2615677834 0.699035128331
13.3193313085 0.67826071868
13.3783555537 0.610675213942
13.4525004326 0.684963559429
13.5259586012 0.576564538587
13.5931480095 0.537964659629
13.6596471533 0.454941564436
13.7295483556 0.506230390827
13.806576591 0.494042986797
13.8836585392 0.507665672951
13.9585033329 0.522156042483
14.0452567889 0.53007136362
14.121861488 0.576324143973
14.2104036074 0.574237588037
14.2916458005 0.427731311645
14.3767521238 0.605906057534
14.4688662074 0.530865091466
14.5614161235 0.638811374218
14.6502603625 0.557642744855
14.7494022976 0.470813007763
14.8443627466 0.501951182076
14.9274992267 0.581505642136
15.009791351 0.537632177116
15.0863968825 0.575248202201
15.1730132977 0.545683846672
15.2635461973 0.502756825369
15.3484891122 0.502789392234
15.4280510219 0.465386370743
15.5033662358 0.567421593095
15.5874510989 0.726671709361
15.6699339515 0.504923716834
15.7645107288 0.604767459879
15.8350881703 0.50573911615
15.9211197814 0.555732205263
16.0001404587 0.601531835669
16.0919885654 0.610155725794
16.1820365547 0.661707494401
16.2528045364 0.56444876128
16.3356581812 0.490320392184
16.4207252866 0.531882380651
16.4999383425 0.497280418415
16.572676466 0.495395184534
16.651488781 0.516139737578
16.7387358403 0.505330041194
16.8158552373 0.524531693548
16.8917349922 0.531943954225
16.9669976934 0.614061061735
17.0531183253 0.591785738104
17.1441953702 0.620871570226
17.2336054711 0.494300314377
17.3092383566 0.537018655231
17.3921844314 0.500367673767
17.4764402611 0.479349780413
17.5566194044 0.506767865543
17.6388715063 0.594304696053
17.721480293 0.559156685106
17.8112278026 0.675123770122
17.9040284103 0.51064694625
17.9901134717 0.557035782828
18.0750850318 0.601308837496
18.1758209914 0.548557595472
18.2687960481 0.620657793452
18.3518305234 0.485898540268
18.4291646155 0.543603321124
18.5102860823 0.436654279486
18.6005355829 0.47888745357
18.6832345243 0.504903856064
18.7634339003 0.481689011057
18.8458606445 0.512752333614
18.9202534737 0.513855765805
18.993847759 0.505809320144
19.0728393909 0.567197748012
19.1566029544 0.52642525938
19.2416716793 0.498298225731
19.3367438575 0.485093545577
19.4383600884 0.410099834239
19.5410119554 0.493710374786
19.6427041409 0.537640850499
19.749911448 0.540100173945
19.8514830959 0.507854714654
19.9608194115 0.519710189662
20.0696086528 0.526180187484
20.1779331628 0.535797216189
20.2763623785 0.53493290715
20.3782363692 0.510032594265
20.468720026 0.444264904195
20.5763404606 0.551016433951
20.6947227044 0.59815097441
20.7919771082 0.482808685615
20.8921472069 0.565211670651
21.0097163695 0.503396253705
21.1347157764 0.567780853477
21.2389600764 0.508315525018
21.3586726118 0.56243902978
21.4675369834 0.614601704571
21.5934225653 0.426174908916
21.7168051568 0.490597931716
21.8441834961 0.492304031212
21.9670541722 0.52669887109
22.0977749586 0.708390454844
22.223503202 0.554184843838
22.3123142096 0.553336993375
22.4154564599 0.629941190395
22.517269756 0.59263838678
22.6088252921 0.595273663118
22.7169539403 0.626044581798
22.834361893 0.69615831798
22.957001669 0.716894259058
23.0818542905 0.492322541418
23.1864377401 0.572640261347
23.300906407 0.589826964453
23.4183492688 0.63328706085
23.5193404344 0.560482717014
23.6439761813 0.558109579757
23.7706350131 0.556963383421
23.9123124615 0.627715557961
24.0292334493 0.660214501093
24.1478644503 0.538470230715
24.268461926 0.568932268369
24.3901061288 0.565333179797
24.4958796351 0.6249325621
24.6090238075 0.66598204902
24.7355287319 0.508558041898
24.8724504558 0.722810922617
25.010605722 0.576280407675
25.1398447426 0.490712201355
25.278058176 0.57947670528
25.4071708711 0.505778542643
25.5289086271 0.514642461376
25.6616082032 0.518312424475
25.7778416275 0.534631374303
25.9165501568 0.76630161538
26.0548482036 0.601281767009
26.1847315289 0.445801613022
26.3336037501 0.526041478127
26.4931713502 0.51447007717
26.6420246808 0.634913645767
26.8242259515 0.510183869792
26.984369973 0.634316437292
27.1368360263 0.515331691129
27.3113382828 0.610920716667
27.478827767 0.512345740739
27.6067903571 0.573057869417
27.7416062083 0.626328384207
27.8799320434 0.534819715415
28.0024110408 0.564506304827
28.1438879553 0.582706537201
28.2793173542 0.574203249335
28.4189640859 0.550889977979
28.5616964407 0.54364853103
28.6885268854 0.480290735334
28.8247944895 0.725592806102
28.9514147885 0.537912651629
29.1066054517 0.596596411137
29.2700880964 0.588297728521
29.4310802383 0.51630181728
29.5656144082 0.539789268404
29.7061978143 0.530281107313
29.8888440791 0.526481271956
30.0548051251 0.676212548422
30.22513518 0.53022199377
30.3916758908 0.58060739259
30.5623790538 0.645192529403
30.7251118296 0.621687586468
30.904156566 0.549128016381
31.0618791889 0.601261603042
31.2298480917 0.662110571773
31.3903755524 0.517759510067
31.5552335187 0.525974889139
31.7253154716 0.548438423647
31.90903455 0.618490372577
32.0609293088 0.559851822037
32.2605983395 0.597205798685
32.5100220861 0.470904356599
32.6922297375 0.654569017884
32.8351229908 0.732424995307
33.0053171312 0.507698549856
33.1844999372 0.595574738903
33.3543561616 0.521505275776
33.512494754 0.628678001821
33.6637236007 0.564750307669
33.8047763072 0.680679499245
33.9574217271 0.662464782468
34.0890027832 0.58678248362
34.2160753977 0.740944927421
34.3550105886 0.616241800882
34.5067514728 0.6973199052
34.639728137 0.644519698233
34.7413388064 0.708909909333
34.8600655082 0.662384304607
35.0086762164 0.726938054308
35.1550904084 0.779751848032
35.2865340608 0.669585159501
35.4322323323 0.678940864349
35.5741776919 0.928684067776
35.7036540366 0.704122169409
35.8134292643 0.802502689042
35.9268417389 0.713509534622
36.059124199 0.562453819794
36.1838998994 0.673900315773
36.3088512277 0.645646265978
36.4563053799 0.522220460094
36.6306031114 0.567020992952
36.7989073448 0.63347968524
36.9706945738 0.644687012843
37.1479666064 0.713731428267
37.3131516789 0.601995669785
37.5031649421 0.504365067187
37.6926796166 0.522249577848
37.902227083 0.624556305673
38.0795380441 0.746219905274
38.2622016011 0.538878575225
38.4410281159 0.573147392996
38.6495707292 0.692326443424
38.8114417255 0.663963804137
38.9640677103 0.690885118736
39.1441234147 0.554422600096
39.3149271252 0.663680739263
39.4905547763 0.659851609673
39.6282465392 0.684148114406
39.7649628966 0.716406262205
39.9013813252 0.620898975193
40.0569883469 0.872834426582
40.2133218196 0.746573623769
40.3733061481 0.812833587594
40.507921102 0.54919037604
40.6821246442 0.715018188659
40.8446645606 0.70020971187
41.0014628083 0.635717199501
41.1263051737 0.65877860762
41.2638476219 0.647235999138
41.4162506174 0.616766730461
41.5973993279 0.654973586848
41.7512485688 0.614374876488
41.8832287448 0.786962921062
42.0001260209 0.675330367504
42.125621622 0.801059248818
42.2588005613 0.703211477802
42.3819710734 0.699273054995
42.5216832049 0.596944141364
42.6720393793 0.650640595155
42.8241929449 0.67471493642
42.953905094 0.503577395963
43.1174817071 0.760573778923
43.2560638145 0.648681508729
43.3780896276 0.662384562041
43.4871688964 0.733978179499
43.5940598175 0.650315004798
43.6952499146 0.674615160592
43.8331981901 0.670834955524
43.9574301179 0.744525938178
44.0908063226 0.648993464206
44.2226165789 0.719808898282
44.3333023124 0.693229629787
44.4416844231 0.748295440235
44.5707477097 0.741157904315
44.698995693 0.753221436266
44.8357155521 0.713622563831
44.9607870715 0.806321190503
45.0918684276 0.714390587872
45.1956824982 0.722231322896
45.321083968 0.724761733515
45.433270756 1.03105627129
45.5590954768 0.739646933638
45.6859545071 0.658186576823
45.811596367 0.64838666224
45.9249707544 0.802547684503
46.0494972226 0.708413924638
46.1840251084 1.0217302589
46.3081759333 0.95552745985
46.4316751398 0.593718886918
46.5391882037 0.691866291666
46.6650470502 0.743129630375
46.7849419864 0.729904809597
46.9058029554 0.74423387528
47.0451076148 0.744316206768
47.1810879596 0.66981344977
47.3190231603 0.890833204316
47.4529817144 0.674424789675
47.6073844446 0.74813467145
47.7514084557 0.705001005915
47.882484568 1.03177604747
47.993919864 0.88719660302
48.1069995727 0.807032532938
48.2221547837 0.859661845686
48.3454617064 0.613312902919
48.4681797454 0.745931993031
48.59432038 0.689637226208
48.7174639838 1.06888881441
48.8523745513 0.706285115028
48.9661266701 0.82614060507
49.0820594492 0.69765110874
49.1973190201 0.709892092715
49.3148808557 0.942540581118
49.4376660996 0.75247998751
49.5529908629 0.779938950142
49.6669721132 0.725214432641
49.7941685049 0.776331310306
49.9267453652 0.792652000078
50.0526326523 0.843767226407
50.1771934079 0.91670740334
50.3086847151 0.772990425037
50.4352889116 0.707288391083
50.5440958539 0.792260144376
50.6578658826 0.785434962861
50.7804019423 0.85009137571
50.894807398 0.659412585139
51.0135279869 0.91816901322
51.1352370379 0.734004382044
51.2635129988 0.734015521759
51.391900918 0.910180811823
51.5209386976 0.930226807497
51.6159367069 0.817892323926
51.7238698947 0.800403887923
51.8283860122 1.00124491795
51.923627563 0.804083934711
52.0246111907 0.867621050113
52.1152296556 0.906566665352
52.1918643431 0.7723428819
52.2660676218 0.804841903029
52.3347648487 0.892591020924
52.404806013 0.783177631112
52.4875142986 0.759826782325
52.5660338816 1.22324384831
52.6380078569 0.843249037536
52.7119371326 0.787114608798
52.7967749302 0.799012719417
52.885110646 0.786946005374
52.9642183916 0.7656331553
53.0455147399 0.980612293616
53.130723645 0.869836470136
53.2321407938 0.834767593974
53.3250265343 0.72960830514
53.4201942566 0.779976187607
53.5290294582 0.779463378455
53.6242134271 1.02228426725
53.7271420771 1.00211989161
53.8491934371 0.718337654404
53.9619303355 0.678424851275
54.0767343173 0.799004442071
54.1946608418 0.777780038135
54.3257738936 0.869954035102
54.4171025211 0.974682199044
54.5492703436 0.892209932302
54.7253470348 0.684055141608
54.8848783905 0.6588699194
55.054902178 0.919616487603
55.2225276149 0.734165919396
55.3631806106 0.740200520067
55.5287323321 0.7359847692
55.6863548063 0.731230178419
55.8482870224 0.678218509725
56.0043949831 0.737032777972
56.1707765031 0.681198964471
56.3264872815 0.72071848583
56.5024217896 0.705553031426
56.6662159574 0.775383340132
56.8455527161 0.725869266809
56.9998767361 0.792683753357
57.1637131951 0.629269672278
57.3285138301 0.737430860773
57.4888923631 0.959773299034
57.6586118425 0.676503290379
57.828865352 0.71011580188
58.0060159039 0.631923747421
58.1897085742 0.487757163851
58.3729315125 0.598488372545
58.5471255037 0.665175489156
58.7111834027 0.577144955321
58.9072124946 0.74115149252
59.1010452412 0.660068224609
59.2940628045 0.542612597945
59.4962831696 0.670842801678
59.6985417361 0.678367234905
59.8630470566 0.724280712535
60.0606319037 0.861252371023
60.2329631453 0.696505814078
60.3761322906 0.680599735966
60.545621664 0.637891745214
60.7072885112 0.670048500982
60.8532178792 0.593032203009
60.9957699681 0.730861496253
61.1313625136 0.66125703507
61.286811662 0.684718543674
61.4475223427 0.53641796636
61.6062816102 0.705693975462
61.7710899754 0.646249410901
61.9622915206 0.691285760609
62.1352483651 0.730528988009
62.2949638996 0.648337392821
62.4560532345 0.61426012845
62.6341028446 0.663273683458
62.8131171546 0.837219242996
63.0085780301 0.714471853175
63.1972126181 0.650359670351
63.3830699688 0.613319112053
63.585673839 0.591270828772
63.7890968751 0.741698733312
64.0068172485 0.586695421337
64.2378739247 0.707889181231
64.4096804471 0.764628274084
64.5509048838 0.668359695722
64.7411273274 0.783096350299
64.9480018094 0.650912932021
65.1637912418 0.724431608701
65.3858521892 0.607027817443
65.6238299729 0.725524691099
65.8633706674 0.727819201503
66.0956262352 0.572248179866
66.3171539264 0.805886838731
66.5181136993 0.702459052117
66.7079875774 0.647997818212
66.9319117927 0.82043805226
67.0907956046 0.706661788073
67.2527249381 0.63399435852
67.4815669599 0.595995923705
67.7017865486 0.671590993572
67.8982851084 0.593788165411
68.0377852469 0.657375806102
68.2429196432 0.719759534047
68.4718695436 0.73783209923
68.6834459468 0.757333438475
68.93164835 0.566916871111
69.1991630302 0.552854945308
69.4678763559 0.59887542122
69.723728636 0.645233055413
69.9631944318 0.672145902419
70.2158677449 0.500243338787
70.5119472695 0.773777691745
70.7790638882 0.594683194349
71.0498020913 0.546434581688
71.2803543325 0.683140771473
71.5187681338 0.73801124467
71.8268058215 0.623310289656
72.1094367215 0.554354396848
72.3383027422 0.610490853309
72.5584909598 0.6781996983
72.8134421691 0.671792029201
73.0924566428 0.568310892964
73.3338331621 0.688279168373
73.6152442243 0.643260386039
73.9024501151 0.499007745747
74.1935953726 0.727589920208
74.4277565122 0.647496001256
74.6187336346 0.646705188618
74.8203979583 0.671201868334
75.0296030956 0.964736481171
75.2181776767 0.61019781369
75.3979265728 0.834606773402
75.5818272753 0.919999509555
75.7529755689 0.759552925029
75.8844499174 0.799624156518
76.01924088 0.796602251785
76.1422243749 0.73896939878
76.2713218723 0.835339410732
76.3855424931 0.659057383483
76.5265873813 0.742869775724
76.6841402575 0.808481538097
76.8623933924 0.894732986973
77.0131152717 0.838783879852
77.1594358667 0.772553831539
77.2786001506 0.882231094348
77.3719337592 0.814166539224
77.4910801666 0.779865711307
77.5940279413 0.875998909336
77.695638367 0.940635143821
77.8086934235 0.89280015658
77.9165254874 0.942638421294
78.0463426357 0.832042243499
78.1621022669 0.807837358755
78.2908153287 0.866290341086
78.4367488224 0.697459524119
78.5650601185 0.814135072936
78.7142780686 0.783545095263
78.8664976138 0.73411212456
79.0196097051 0.614289811017
79.1775548105 0.702754757801
79.3599686594 0.794435115232
79.545476816 0.674342154752
79.7738283987 0.750426479663
79.9993675094 0.709695667415
80.2471295902 0.672313897671
80.5378167988 0.721042606586
80.802432239 0.845461527457
81.0417889538 0.679638830754
81.3297573412 0.545538260082
81.5980661425 0.565539871782
81.9019353272 0.515559559873
82.2625148779 0.460313849574
82.577780221 0.628610656791
82.7802911468 0.663627841744
83.1611947626 0.477583026119
83.5920966959 0.511427704163
84.0719088049 0.526880792534
84.5148414322 0.461919178971
84.9307969336 0.50039558724
85.3660644191 0.590449440471
85.7090181156 0.603277556987
86.1513784817 0.480934169468
86.5558974903 0.525774238406
86.9862981082 0.508018246797
87.4297552931 0.559063987742
88.0981622505 0.539330796227
88.6653925785 0.547958274676
89.1630705588 0.61521426541
89.6046035978 0.683979804479
89.9392653074 0.481126096464
90.3084869715 0.598151226998
90.5733564554 0.695287813722
90.8109777372 0.846271374064
91.0357679781 0.877354217834
91.2906579406 0.740711473316
91.6048603055 0.710493200444
91.7983308676 1.83878264889
92.0322336205 0.516153806318
92.4275658931 0.581110340406
92.9071819019 0.563498728124
93.3228509304 0.537580278372
93.7341982077 0.616357038502
94.1319551327 0.51083123758
94.5399174092 0.49451655819
94.9264130166 0.501808729579
95.3749067198 0.463385740832
95.7257311544 0.53523087465
96.0390296306 0.45974123895
96.3774363084 0.507880420825
96.7259304525 0.462247906857
97.0033411576 0.555358763355
97.239333277 0.455937337659
97.4197521988 0.458608937353
97.5994289376 0.461867857229
97.7525349757 0.481309878809
97.9154045284 0.534613640576
98.0834927662 0.490508867484
98.2567688115 0.515365603476
98.436155818 0.607521051316
98.5942559784 0.553806222614
98.7505152906 0.628268001342
98.9101982314 0.464430774158
99.0464107486 0.498890034215
99.2087991668 0.605433861483
99.3818976414 0.528827914017
99.5906309984 0.516050203725
99.8306463751 0.650380146581
100.108287675 0.52974543836
100.374335469 0.469061211222
100.757874488 0.531981330896
101.038888467 0.483011388409
101.315388025 0.518679114977
101.677207541 0.467512617429
102.160921611 0.549452375798
102.794067024 0.547277740273
103.487924138 0.496645939054
104.008879901 0.527776573113
104.521784559 0.495724566699
104.95461856 0.941184111011
105.340996782 0.609749498819
105.885619947 0.585691726684
106.547542782 0.61033391187
107.095274931 0.666471090605
107.468103858 0.680779864153
107.828382188 0.776050258987
108.099593589 1.29151340035
108.321501429 0.920643351691
108.633861702 0.793844495755
109.118971434 0.523444934416
109.696807964 0.447940093305
110.520821847 0.45363628797
111.418134449 0.550354317485
112.035647599 0.666392148327
112.386089459 0.56449172204
112.922730076 0.558560198825
113.47451991 0.435323287422
114.089796815 0.459254421117
114.718840177 0.512028742815
115.281808343 0.406439475334
115.745596223 0.464984379169
116.154286739 0.604934033064
116.482496297 0.7012311716
116.853443873 0.61485762169
117.298507016 0.588475551845
117.712796399 0.553574675959
118.326584362 0.425755190217
119.184211436 0.436758980434
120.957586813 0.374647927662
123.083167619 0.402139300188
125.141466871 0.373200842477
127.731692113 0.366676489361
130.429878322 0.392903858996
133.378257662 0.449968034259
136.622091614 0.467049151483
141.269522609 0.430141016071
147.744620243 0.519634141511
153.465151036 0.503089368715
160.965114967 0.401398849919
169.661685308 0.534726262758
178.921036794 0.571307305517
188.086911515 0.651793583481
195.102045082 0.717414926469
201.536023619 0.638275897519
210.541997174 0.562385137702
232.169104638 0.29473020538
