1.1196742270949358  1.044767488861345  0.03323848170074697
2.120321687922159  1.0260002148467309  0.017234575667487647
3.120337137017884  0.9964828178650015  0.011633504311123413
4.120427945363965  0.9752095612484628  0.00883021826686746
5.1203437584386915  0.9644145234998026  0.007166457287759453
6.12043867267557  0.9549055278361268  0.006043826924444544
7.120115532333187  0.9517060468840276  0.005343459822987555
8.12031251357839  0.9421832654366334  0.004796767251777329
9.120190790861153  0.9374580165345333  0.004406507893490814
10.120437744575643  0.9330659650678708  0.004110422753602955
11.120400464319475  0.9288262603836396  0.0038756644812928424
12.119924947595768  0.9292836039392717  0.0037171344157570867
13.12019274709349  0.928982675554142  0.003591815597608895
14.120294213216864  0.9286795021161364  0.0034924117543786845
15.120181025535338  0.9275275751098853  0.0034068290025139262
16.120382566078295  0.9258215729758122  0.003335974480863594
17.120088697729862  0.923877090252575  0.0032759539283296088
18.1200614214679  0.92099995003018  0.003218057462640831
19.12025187726343  0.9191251839673654  0.0031690580660392416
20.12014914530369  0.9174537052406618  0.003125838965244798
21.119040237003716  0.91585955390363  0.003083422567394772
22.120405056119274  0.9156118185557183  0.0030492793524483763
23.119742039391912  0.9155389959990815  0.0030167544287025027
24.11995094182775  0.9157237699361623  0.0029886539649292805
25.119021618532834  0.9146744475272244  0.0029565372223317454
26.12004675640627  0.9142677942811885  0.002928060343026227
27.1194133329621  0.9143443058258953  0.002903280218987984
28.12028988571537  0.9139199548371566  0.0028800062131842086
29.119786596135288  0.9137738450920011  0.002853676724585787
30.1199080731419  0.9137403117002001  0.0028322448657986834
31.11880113510935  0.9134366923549537  0.0028098163886298775
32.11925165059038  0.9128897710133085  0.0027877388516768997
33.12038989811639  0.9129398625295253  0.0027706601061124464
34.11962629993382  0.9124382046503932  0.0027512047449105574
35.11961887078742  0.9123682913617818  0.0027334186112991632
36.12009735646248  0.9128952201850131  0.002715711510812873
37.120099953974716  0.9133033421693195  0.002697739440921663
38.1191907186885  0.9137459886855432  0.002680690741217903
39.120283885658964  0.9138466826566399  0.0026634272245672393
40.11916214370228  0.9143248129167955  0.00264870405377855
41.12021230939276  0.9138485884230378  0.0026318323259851774
42.119318769176346  0.914001202370339  0.00261757180435057
43.12030133805436  0.9141100167535429  0.002604640326232438
44.119819451912704  0.9140822134889897  0.0025936446497261275
45.11956258341173  0.9140917326802436  0.0025820770152356954
46.12001100398108  0.9140015898756753  0.0025697428875027946
47.12007669553357  0.9143972780012412  0.0025572069506823152
48.11963318253259  0.9143306377748245  0.002544188832310187
49.11978067409558  0.9146643920091634  0.0025328802087407876
50.12030670621335  0.9144302763357445  0.002520555432655964
51.120093983664596  0.9149065297980847  0.0025113764244504037
52.1198971664498  0.9156444553160806  0.0025007715665020364
53.120202865615  0.9160026732639618  0.0024906186361855795
54.11945976868775  0.9160048188915683  0.0024803857688161825
55.12004300560324  0.9163309216776826  0.0024715292354769948
56.11950825836782  0.9172283051940356  0.002463985448870177
57.120352723737746  0.9178473458577948  0.002452743641604232
58.120396023737335  0.9183772825727137  0.0024436251753558237
59.11917463242171  0.9187795391741647  0.0024358730434268557
60.11996598084579  0.9189411874023747  0.0024278096527987477
61.119495448698736  0.9198297422343362  0.002420244256722763
62.118855399283504  0.9205600412579732  0.0024141731910134966
63.11733032682632  0.9211693612863137  0.0024078847854325514
64.11745454299005  0.9213619092850883  0.0024017020754741516
65.12034752842182  0.9217903582437735  0.002396339018921137
66.12033152223673  0.9220884571093851  0.002391697216247436
67.11744604276305  0.9223926821147873  0.002387456137083823
68.11677454382755  0.9228484629646914  0.0023835632433009553
69.12005267237231  0.9230576840693704  0.002378288054505956
70.11917846105382  0.9237643640143477  0.002373735368961119
71.11993471511798  0.9240287897273975  0.00236806716521236
72.11845134924525  0.9240551082045736  0.002362200070209383
73.11957263995322  0.9241814151267959  0.0023574215611689452
74.1150155600749  0.9244877034314929  0.0023531403023987225
75.11922042167515  0.9243634354567101  0.0023484612963417103
76.1164343557052  0.9243649473955885  0.002343644358223797
77.1202399042048  0.924240883320534  0.0023382772783542374
78.12017569945678  0.9240598452407027  0.0023324212363433645
79.12000285321304  0.923942052547869  0.002327140161576613
80.12036278190445  0.9237361604833119  0.002322455762726806
81.11537238401719  0.9238038901428537  0.0023187524334191013
82.11932468539966  0.9236568185633364  0.002314653141758456
83.11851070755276  0.9236312949412835  0.0023115355500167105
84.11571786752242  0.9237552198836105  0.0023090056523125246
85.1175507841133  0.923675428339399  0.002305818773257806
86.11697716653882  0.923776643046613  0.002303589286347405
87.12038505342876  0.9238359060966262  0.002301269892930274
88.11994245490685  0.9240229542025709  0.002299247592070699
89.12039759292306  0.9239248872282075  0.0022968500579299876
90.1187152924025  0.9240087297813777  0.0022949249758844052
91.11754341597727  0.9239922112483007  0.0022924106250690425
92.1188184293793  0.9239395727988039  0.0022900539539314497
93.1200096865391  0.9238613416547025  0.002287458313998035
94.11822356055596  0.9237790077631356  0.0022849932758515247
95.12008236930531  0.9236128271921756  0.002282565098412844
96.11967059547777  0.9235347306797843  0.0022803465708205136
97.11450798848259  0.9234675273187859  0.0022781814388364253
98.12023546490059  0.9233304815508483  0.0022756768841134044
99.11655206432593  0.9233072581741216  0.0022734594063198075
100.1179758747469  0.923217411244896  0.0022714554464991037
101.11379614630629  0.9234051440349654  0.0022697612127632245
102.11363384563175  0.9234907255723628  0.0022677529999624146
103.1099480789221  0.9235356851911648  0.0022659648958983708
104.11835408350765  0.9236000712954663  0.002264576074547653
105.11796084569723  0.9235869875943824  0.0022627422882253415
106.11720303528617  0.9237584186363704  0.0022610461408055635
107.11622243619655  0.9240753989429615  0.0022600759893516
108.11970220781818  0.9242453537516128  0.0022582706031063432
109.11674514226203  0.9242796244935237  0.0022567987225112253
110.1198807132099  0.9243564904653965  0.0022555211565159607
111.11501167433332  0.9244094340651792  0.0022539734250716596
112.1179380714925  0.9243786141594087  0.002252124879277913
113.09821034462213  0.9243905798493277  0.0022504781555807312
114.11995717968466  0.9242911637164932  0.0022484976258287603
115.11647188274459  0.9240721308640936  0.002246091381145624
116.11298881033929  0.9240558479874389  0.002244447882730703
117.12039350737291  0.9239821567439733  0.002242391131480724
118.11614693012085  0.9239782790557479  0.0022405877201676708
119.1161181269473  0.9239959036105833  0.002239103650240676
120.11043448821478  0.9241282989359434  0.00223819591462183
121.11647715774478  0.9241266724207321  0.0022370768510304446
122.11991736661291  0.9241595616063449  0.0022360233335918457
123.1187473940202  0.9243083023097067  0.0022349052886785487
124.10848314124152  0.9242052592887331  0.0022332856203057974
125.11385879806505  0.9241769737147817  0.002231764711439224
126.11554234443571  0.9242292317105855  0.0022306489686163113
127.1166944855286  0.9241947481886118  0.002229449160534585
128.1203142118406  0.9241578448453436  0.0022283553917379867
129.09600265397077  0.9242406733297447  0.002227739275737638
130.11856978647322  0.92444337517778  0.00222728343791269
131.1147993191026  0.9245449654377222  0.00222659133567688
132.11344074373767  0.9247078362974485  0.0022260025803704266
133.11426054809337  0.9248411947726748  0.002225433957365003
134.1150945053448  0.925008103906485  0.0022250820190262348
135.11618954164265  0.9250525044568959  0.0022243909647996574
136.11641901947522  0.9251510051128744  0.002223702252711527
137.10911864232096  0.9252085947730421  0.0022230317005876845
138.10656455929225  0.9253062702630521  0.0022225030863370966
139.1184802061618  0.9253722916391948  0.002221835046506068
140.10949946161145  0.9254089120131316  0.002221142027631863
141.1131418128908  0.9254876957194352  0.002220455065533685
142.1137321941648  0.9254918799805164  0.0022196922189348313
143.11166992004044  0.9255179608831775  0.0022190209373226647
144.09017621340428  0.925494330392925  0.002218288538965916
145.11880326721732  0.925515161252811  0.0022177078933863755
146.11271885359108  0.9255421175981804  0.0022170724574958897
147.1178600200983  0.9256020068312939  0.00221666269267526
148.1145798354587  0.9256244586357626  0.0022160112055090355
149.0962468492934  0.9256910437632045  0.0022156055852758684
150.09037635714952  0.925751961949314  0.002215002866627538
151.1198207435104  0.9257872742802705  0.0022142888918529986
152.11281460142078  0.9258173400079167  0.0022136897248516995
153.11963324480482  0.9258901793138342  0.0022131807219998327
154.1201547891851  0.9258712270747953  0.002212566609122935
155.1098648189995  0.9258492301705126  0.0022118888720623264
156.1109872161719  0.9259276067365005  0.0022113378987694437
157.12007341656087  0.9259388535963234  0.002210696575806306
158.08172146932765  0.9260621103537835  0.0022103735557831117
159.1013522251314  0.9261442439401916  0.002210009387363834
160.1179489224058  0.9262849217523161  0.0022096405949870975
161.11556346417652  0.9263818189714402  0.0022091238866567805
162.11854799914536  0.9263737000191881  0.0022085457060478917
163.1127420415138  0.9264396360655566  0.0022080566620155642
164.11734207176875  0.9265445983255235  0.0022075984163019806
165.1188960036814  0.9265452741171494  0.0022069799431036824
166.09790324304322  0.9266319117206562  0.0022064728538980912
167.10793300757325  0.9266844722467481  0.002205960204973976
168.0897639715649  0.9267017226947106  0.002205470177868845
169.11599376568523  0.9267665197230407  0.002204819055645265
170.11061315539405  0.926787423308488  0.0022042513235212354
171.11899526201543  0.9268237580026835  0.0022037892992275666
172.0975497774111  0.9268435760967139  0.002203294603398309
173.11948678501386  0.9269229228975354  0.002202873328041807
174.11111708492155  0.9268833900420473  0.002202213519279066
175.113818228014  0.9269458787357209  0.0022017778947209655
176.11996781067342  0.9270751810847576  0.002201495109381036
177.11256132770436  0.9270480018987943  0.0022009838011395693
178.11621918302393  0.9271474657612159  0.0022004696622861105
179.0839470256192  0.9271278618650268  0.0021998470032575275
180.10617138922285  0.9271718597973255  0.0021994747070455396
181.09331712295085  0.9272665725632561  0.0021991116281269863
182.11903007183264  0.927207760825042  0.0021984466914452307
183.11210014949603  0.9272353008406796  0.0021979745417600753
184.10830211122268  0.9273291477047998  0.002197573498982028
185.1178591689034  0.9272540565133587  0.0021969575975571034
186.1006307795768  0.9272197088052662  0.0021963954070202364
187.11218185664853  0.9272349021597238  0.002195938578276838
188.10872361082295  0.9272368172141638  0.002195432163614536
189.1190324206736  0.9272499772336774  0.002194965021459165
190.09996383796405  0.9272800027910105  0.0021945196818334224
191.10184016412032  0.9272607295385992  0.0021939027605064705
192.11536457738  0.9272166027855538  0.002193221385108095
193.10822475327313  0.9272376523993773  0.002192706907922412
194.11442152635735  0.9272353068026946  0.0021922723198158456
195.10120275850136  0.9272581053035053  0.002191897422459762
196.12012755836378  0.9272776100118891  0.0021914354094357273
197.10826284142738  0.9273301553332249  0.0021909967541670467
198.06977950938952  0.9273065045933503  0.002190555714541589
199.11807632214058  0.9273249159841463  0.0021902386787723323
200.10736488377233  0.9273776267750922  0.002189923424796111
201.10994099714108  0.9273816505646492  0.0021895727709160865
202.1186784995299  0.9273593495945702  0.002189105253321484
203.12028166782477  0.9273022941116268  0.0021885559661637354
204.08326237709264  0.9273294057232637  0.0021882908676077533
205.1106403338064  0.9273553606846647  0.0021879318215252646
206.09507264664276  0.9274106934163293  0.00218764229236812
207.0903783547554  0.9274356603304699  0.002187269173791276
208.10585608654083  0.9274890697640051  0.002187091036884232
209.11136925116028  0.9275001321315892  0.0021866612080809196
210.10456009153276  0.9274850612608673  0.002186200420845054
211.07640059313306  0.9275156627378057  0.0021858657402137093
212.09495698729825  0.9275247200175806  0.0021854440963290592
213.10173886481033  0.9275096224112914  0.002184947622615067
214.11648061964246  0.9275439659136567  0.0021846406110344785
215.09788531002133  0.9275667374963301  0.0021843913224897818
216.0913160758367  0.9275681912612282  0.0021839708657023587
217.10054864234343  0.9276052412705005  0.0021837675705658702
218.1048672130362  0.9276147382516006  0.0021833362028421885
219.11390241296291  0.9276228265447887  0.0021830226850840006
220.11627327870858  0.9276963452050209  0.0021827484665928798
221.11801954340024  0.9277159726985847  0.0021824865722797453
222.1193814756499  0.9277097710877827  0.0021820493495200975
223.10715251967486  0.9277027686520765  0.002181688918911299
224.113062389593  0.9277219882263272  0.002181432525866291
225.10971338562368  0.9277212614294101  0.002181026880032152
226.11723913084066  0.9276879173132414  0.002180605030831907
227.08450323939235  0.9277156321674356  0.0021802786995069917
228.08876264017152  0.9277970207373502  0.0021800365471247815
229.1159054108505  0.9277486604558265  0.0021795739708207096
230.1064262210529  0.9277167656328718  0.002179132239743817
231.0878337276383  0.9277300682196227  0.0021788569552330835
232.11807369874745  0.9277669773513111  0.0021785771594974366
233.10252723547887  0.927723186833968  0.002178126062219141
234.08885312302303  0.9277499190350587  0.002177774710545465
235.04193333261534  0.9277008227706799  0.0021773295589939366
236.09656086215927  0.9276888837790733  0.0021769418179241177
237.1141536176404  0.9277396917531961  0.0021767374320215502
238.04497248476878  0.9277244697620448  0.0021764201755193153
239.11808881667363  0.9276704014424509  0.00217597001301237
240.06431691101776  0.9276766343348664  0.0021756315389026525
241.1161169606669  0.9277396858224424  0.0021754025416015435
242.10236773847814  0.9278035611628547  0.002175211487971852
243.12037730078157  0.9278503935832745  0.0021749865727408407
244.11574692964345  0.9278475894776378  0.0021746932268646864
245.10812562264073  0.9278527978845543  0.0021743710076084785
246.10941912606836  0.9278381409701847  0.0021739964250693843
247.1069720305007  0.9278764628727315  0.0021738177114621806
248.1096421705089  0.9278753898560904  0.002173511012771814
249.05636692474022  0.9278345875140116  0.002173141193681361
250.1176491174875  0.9279068635596658  0.002173083989601091
251.1194783441795  0.9279249397708578  0.0021728045889646596
252.11222396116057  0.9279242944514534  0.0021724933955152336
253.08908425858434  0.9278629797346323  0.0021720224600590803
254.1133695429209  0.9278456120429526  0.0021716783688336128
255.11461174572773  0.9278509991072448  0.0021713579380991293
256.1191877587955  0.9278643193324212  0.0021711097090445536
257.0877951041475  0.9279008196442572  0.002170987113372244
258.0944700080172  0.9278712132487323  0.002170543601592124
259.1155885683895  0.9278589351024824  0.0021700933518658348
260.1193340320432  0.9278787313967851  0.0021697836149288776
261.0900207679504  0.9278974166479739  0.0021695544607120434
262.0867030509497  0.927920919269558  0.0021693485173479086
263.1183908106742  0.9278922244220631  0.0021689791579751474
264.1151794853565  0.9279074388678953  0.0021687007221812536
265.097571300578  0.927947774246957  0.0021683745475784373
266.1113488937152  0.9279141630596897  0.002168047416303011
267.0926150818712  0.9279449530871954  0.002167776193755455
268.1159157465577  0.9279704701238646  0.002167528271184211
269.0867736868913  0.9280020272017027  0.0021672650166963273
270.0843156757915  0.9280151634687951  0.0021669766059898583
271.1106387622928  0.9280457772599695  0.0021667232269944907
272.1023164917167  0.9280581931980104  0.0021664806185990215
273.11711341363565  0.9281001806915121  0.002166318931416821
274.12036703019487  0.9281456469956111  0.002166130037258367
275.11030691342245  0.9281253879866385  0.002165793760823274
276.08091776287705  0.9281453443186861  0.0021656339702596805
277.0003773781878  0.9281806101532448  0.002165433334330878
278.10236846347857  0.9281895820083622  0.0021652067978585403
279.09619745136155  0.9282599230479623  0.0021651411509513315
280.099152563841  0.9282749934889477  0.002164899537404432
281.1139336231782  0.9282659120850779  0.0021646428992355303
282.0797074938764  0.9283046796908859  0.00216455675121043
283.0890991118297  0.9283339066185028  0.0021644366211266202
284.08469071856433  0.9283780112060512  0.0021643629764898885
285.1189373468584  0.9283848177357051  0.0021641847699388262
286.0593083805405  0.9283852400014272  0.0021639799742529634
287.1024727842091  0.9284119837798324  0.0021638424613508026
288.0927172181629  0.9284733529117674  0.002163779810012349
289.0675042592075  0.9284358937387612  0.002163375299472463
290.04561536386285  0.928451595882855  0.0021631828720602157
291.005996091553  0.9284741781723295  0.002163082845867225
292.05398472987304  0.9284947485628895  0.0021629312068927094
293.09612700523445  0.928527291633554  0.002162866176962259
294.0852814377006  0.92853726774625  0.002162701670126378
295.041353993113  0.9285235981769371  0.0021624000382523107
296.109630174573  0.9285136712278458  0.002162218611501821
297.09580758379195  0.9285143669576734  0.0021620267907927157
298.1073839414176  0.9285499863918333  0.002161957352695778
299.11174769942545  0.928579619422199  0.0021618505622836236
300.1038403592297  0.9286303712092194  0.0021617988243737354
301.0311159985534  0.9286530437788529  0.002161716886121725
302.08638955684705  0.9286889652580101  0.0021616482377965905
302.98708903702516  0.9286957442526669  0.0021615234908554984
304.10974466626635  0.9286879410366344  0.0021613355647862984
305.09408939940823  0.928753083209259  0.0021613232863485396
305.90379688143844  0.9287717176573707  0.002161273017970525
307.1089781611034  0.9287808825234897  0.002161077862873935
308.0312216741383  0.9287923434371654  0.0021609465957954876
309.02316487471955  0.9287590278853258  0.0021607053419855976
310.0225024854026  0.9287815083308768  0.0021606348570310193
311.12027044020505  0.9288121924238929  0.0021605951614628313
312.06407237386946  0.9287885377450362  0.002160388168600334
313.071983248582  0.928823093986081  0.0021602581758857803
314.1111568311842  0.9288256447259773  0.002160158945404373
315.0908625987751  0.9288283544165787  0.0021600659405036715
315.98949210183434  0.9288477488086208  0.0021600000676808367
317.11194036768694  0.9288607487503961  0.0021598901407473936
318.1115221493297  0.9288808346441503  0.002159802551497634
319.1044883690523  0.9288782983355109  0.0021596623843710408
320.0420650537528  0.9289207548671982  0.00215962684585278
321.05205432284987  0.9289272843604127  0.002159513634755421
322.0824344168557  0.9289609560060528  0.0021594518702741385
323.0635634169201  0.9289901796071007  0.0021594381218024046
324.1169585883473  0.9289780388280123  0.002159310729855825
325.0544054683057  0.928999835918732  0.0021592564030341412
326.082190782122  0.9289716929813541  0.0021590685235283492
327.11536051968386  0.9289890265533568  0.002159003851882718
328.0432969749739  0.9290174128745394  0.002158988197229206
329.0789755882218  0.9290453367433442  0.0021589714721702035
330.1093082560479  0.929047209832039  0.0021588942153782844
331.059675892674  0.929055749018996  0.0021587683487735852
332.11134002994544  0.9290699607759888  0.002158690650072498
333.09432529364074  0.929080987181405  0.002158593912011093
334.1148432006708  0.9290894352226585  0.0021584679015559383
335.0574763993411  0.9291093838275689  0.002158432699968321
336.03012907963125  0.9291221994534048  0.002158328521427177
337.098329965246  0.9291370119232277  0.002158252292490683
338.1200683295607  0.9291693314677545  0.002158222563316404
339.0642913643611  0.9291660187086446  0.002158121723683183
340.0932077794708  0.9292028562347463  0.002158050123159672
341.0699711866136  0.9292145698128688  0.0021579842102439173
342.0407111006743  0.9292018410474244  0.0021578499080448796
343.05843078331617  0.9291564466614806  0.0021576223175289247
344.0663603340123  0.9291579382728266  0.0021575152615897378
344.8465019756195  0.9291784441289762  0.0021574581869431824
345.93916554529517  0.9291568664903205  0.0021573324880185805
347.10256236777815  0.9291466432154036  0.002157209905813352
348.0089567931992  0.9291439218909007  0.002157104755931118
349.00183944011366  0.9291643976297065  0.002157065097369447
350.0897199158216  0.9291541761986748  0.0021569425609286783
351.01206302951215  0.9291488917244504  0.002156877989585308
352.10949225732026  0.9291682025407774  0.002156760114285469
353.1038437435205  0.9291865510214278  0.0021566981272416515
354.0015281117554  0.9292109272374061  0.0021566791855273915
355.0795360481423  0.9292053149983047  0.0021565906476418203
356.08432229880447  0.9291907879647217  0.0021564756214106427
357.11960532962496  0.9292174039132458  0.002156461895473262
357.9330962889644  0.9292278077008987  0.002156445390710016
359.03555537069093  0.9292206600683581  0.0021562894533574176
360.11211140994715  0.9292057178019292  0.0021562199465933476
360.93723832704455  0.9292361331810728  0.0021562266677514503
362.1028343539381  0.9292121453566016  0.00215606652627341
363.00236974508306  0.9292090259431861  0.0021559896439641646
363.97076270436776  0.9291969498966262  0.0021559210024292034
365.020544396755  0.9292041385755168  0.0021558970613835076
366.1070099159961  0.9292050274135173  0.00215584109868797
367.0358413216148  0.9292179150949545  0.0021558361860976446
368.03634656457984  0.9292451531378207  0.002155800748718549
369.0845331778318  0.9292473603096012  0.0021557536581224986
369.7840005545608  0.9292517073381845  0.0021557115351885058
371.05597528250075  0.9292339563849716  0.0021556065530042696
371.75038717187647  0.9292550727202257  0.002155597538964083
372.97834557186786  0.9292958390510239  0.002155605111245434
374.030535235256  0.9292919951413483  0.0021555324065374395
375.0096468737016  0.9292704382581097  0.0021554070272663214
376.1112485959554  0.9292637368003375  0.0021553335068599556
376.96141529503944  0.9292627332951641  0.002155279004417522
378.09490006952393  0.9292810474322035  0.002155217140665862
378.9628014425006  0.9292590030468203  0.0021551196470510755
380.01437678326045  0.9292465635329507  0.002155061819727298
380.89056412648927  0.9292441204401526  0.0021550155869212327
381.9295134617728  0.9292577172589555  0.0021550065541738367
382.9945055406096  0.9292852365505074  0.0021550124250818026
383.66690805828887  0.9292948822231615  0.0021550174097141523
385.11822275921037  0.9292696335985755  0.0021549125054574018
386.08721134205905  0.9292532684745253  0.0021548513808028044
387.0838433118192  0.9292618881471043  0.0021548192273932155
388.02256061499634  0.9292719034457478  0.0021548134851261964
388.8726274324674  0.9292844058478814  0.002154819303468565
390.01669752270465  0.9292780128034782  0.0021547871005739953
391.1119628902857  0.92928340182127  0.0021547648400759532
391.78224417661374  0.9292791472430553  0.00215473759732327
393.02155230867885  0.9292822149755928  0.002154727333397287
393.53729967387073  0.9292490976872638  0.0021546331682199705
395.08793979612216  0.9292530246296623  0.0021546364815871865
396.0650454553102  0.9292494910908337  0.0021546051211575063
397.1043695444909  0.9292324335013922  0.0021545308216541336
398.0793670633819  0.9292356625652256  0.0021545209347205107
398.81466099473533  0.9292314547951569  0.0021544590597111926
400.01862049809955  0.9292425363491018  0.0021544557990694833
400.93220854476726  0.9292457650251423  0.002154445913087248
401.6007059688097  0.9292486225244011  0.002154446747678932
402.96747066034897  0.9292458096353267  0.002154411274390621
403.96187564454266  0.9292529001607429  0.0021544045527698325
405.0267303322643  0.929215518717395  0.002154300517335065
405.37592516815994  0.9292173073617427  0.002154298874455726
406.7714644046987  0.9292134042823895  0.002154278246366323
408.0788621522137  0.929210592779699  0.0021542427811533575
408.52602652306183  0.9292141699172622  0.0021542394956985916
410.07634218797944  0.9292177470054626  0.0021542362102269334
410.361563449942  0.9292234611795213  0.0021542378793029614
411.50617910113033  0.9292298952018563  0.0021542354282353855
412.67366038852674  0.9292318858593026  0.0021542168875254087
413.88409811177235  0.9292344166211587  0.0021541938109348974
414.4126436015078  0.9292422674520397  0.0021542004338807046
415.723472702584  0.9292494207156243  0.002154193862776492
416.9893784288048  0.9292683495860824  0.0021541972252476058
417.91168220657835  0.9292708574263175  0.0021541914624815493
418.51266305712113  0.9292633998342587  0.0021541568106062297
420.0163483527061  0.9292648391508943  0.0021541485713230243
420.4832901814891  0.9292744774208719  0.002154153550453864
420.4832901814891  0.9292744774208719  0.002154153550453864
422.93721371262  0.9292652319545841  0.002154120543164755
424.06492296051704  0.9292663223771995  0.0021541057081671576
424.9940057287188  0.9292634004096176  0.002154075785302828
426.0661086067257  0.9292666276104615  0.002154065904382899
427.0158681457678  0.9292709231205692  0.0021540585001128235
428.0857789746422  0.9292776337401769  0.002154056694302818
428.979298900375  0.9292577277219775  0.0021539816187489736
430.03522167433624  0.9292684329346839  0.0021539890732002126
430.6854968876705  0.9292734476037694  0.0021539775510382815
431.8470607751959  0.9292852425031055  0.0021539701727785695
432.9646367110185  0.929290605629778  0.0021539652454619987
433.82169419144213  0.9292911841035015  0.0021539550142475783
434.19277245280085  0.9292951083482274  0.0021539583240752507
435.9507027661043  0.9292990325839307  0.0021539616338797705
436.7922219326002  0.9293029568106117  0.0021539649436611396
438.115602250837  0.9293054637381994  0.002153959182542623
438.98611724737503  0.9293058340545806  0.002153948469302885
440.04653290505956  0.9292983775811017  0.002153913829802735
441.09720309493963  0.929307315243483  0.002153905617939003
441.8486635169968  0.9293119584605743  0.0021539048090644906
442.82105946803307  0.9293187381069334  0.002153908951924809
443.82357628285564  0.9293205255465949  0.002153907309480876
445.07912111500633  0.9293219193050417  0.0021538989694598093
446.0652080042765  0.9293304861840865  0.0021539014696430373
446.5769659021722  0.9293351291343547  0.0021539006605048867
447.964841173812  0.9293451902726424  0.002153900839174187
448.97899440810596  0.9293491140298586  0.0021539041482236112
450.0100142996848  0.9293556027165503  0.0021538960475672984
450.16530108633134  0.9293559764173531  0.002153891128992051
450.16530108633134  0.9293559764173531  0.002153891128992051
452.5504380799602  0.9293467323278737  0.002153858135643078
453.966431945939  0.9293453356574723  0.0021538317611258496
455.05056977234545  0.9293371811468869  0.002153783941716467
455.05056977234545  0.9293371811468869  0.002153783941716467
456.8563847632478  0.9293322105472003  0.002153760854226042
457.97713004811595  0.9293368528727475  0.002153760045226393
458.5391333300047  0.929338290870159  0.0021537518102315223
460.0935485666778  0.9293407969220985  0.0021537460506021715
460.8236860998354  0.9293475752593  0.0021537501920590035
461.5572940910319  0.9293498186344885  0.0021537438238779807
462.77957191428135  0.9293576649460932  0.0021537504404159032
463.9118011943372  0.9293608473025773  0.0021537520319123535
463.9118011943372  0.9293608473025773  0.0021537520319123535
463.9118011943372  0.9293608473025773  0.0021537520319123535
463.9118011943372  0.9293608473025773  0.0021537520319123535
463.9118011943372  0.9293608473025773  0.0021537520319123535
463.9118011943372  0.9293608473025773  0.0021537520319123535
469.58545017479554  0.9293604980875513  0.00215374543917937
471.11322308182326  0.9293614500239862  0.002153736078485627
471.11322308182326  0.9293614500239862  0.002153736078485627
473.01702043447887  0.929363530072932  0.002153729332269533
473.9316121988869  0.9293674531068112  0.0021537326403491494
474.73562941365776  0.9293582916510877  0.0021536998431763875
475.35287717639886  0.9293607973672692  0.002153694083838968
477.1155088100583  0.9293561760944671  0.0021536775915842617
477.1155088100583  0.9293561760944671  0.0021536775915842617
477.1155088100583  0.9293561760944671  0.0021536775915842617
477.1155088100583  0.9293561760944671  0.0021536775915842617
477.1155088100583  0.9293561760944671  0.0021536775915842617
477.1155088100583  0.9293561760944671  0.0021536775915842617
477.1155088100583  0.9293561760944671  0.0021536775915842617
483.9627296920118  0.9293542436709563  0.0021536557648771807
485.0173739849051  0.9293588853068393  0.0021536549557409283
485.5103866758399  0.9293592549448326  0.0021536442469906867
486.9927098428652  0.9293521488410607  0.0021536162146520758
487.5162025655635  0.9293550035684991  0.002153617047522486
487.5162025655635  0.9293550035684991  0.002153617047522486
489.9248037192049  0.9293586459975658  0.002153613923352796
490.8968028545578  0.9293632874058146  0.002153613114212755
490.8968028545578  0.9293632874058146  0.002153613114212755
492.39798296716174  0.9293650741152703  0.0021536114722470055
492.39798296716174  0.9293650741152703  0.0021536114722470055
492.39798296716174  0.9293650741152703  0.0021536114722470055
492.39798296716174  0.9293650741152703  0.0021536114722470055
496.6853813347209  0.9293551135428557  0.0021535826084809542
497.5904828062181  0.9293590360874316  0.0021535859159668427
498.2792929635638  0.9293600989842107  0.0021535825968611515
498.2792929635638  0.9293600989842107  0.0021535825968611515
498.2792929635638  0.9293600989842107  0.0021535825968611515
498.2792929635638  0.9293600989842107  0.0021535825968611515
502.57365533661357  0.9293618856601512  0.0021535809549794063
502.57365533661357  0.9293618856601512  0.0021535809549794063
502.57365533661357  0.9293618856601512  0.0021535809549794063
502.57365533661357  0.9293618856601512  0.0021535809549794063
506.9668082405825  0.9293590515280523  0.0021535628235083413
507.88031176294254  0.9293597702791891  0.0021535587070909824
507.88031176294254  0.9293597702791891  0.0021535587070909824
507.88031176294254  0.9293597702791891  0.0021535587070909824
507.88031176294254  0.9293597702791891  0.0021535587070909824
507.88031176294254  0.9293597702791891  0.0021535587070909824
507.88031176294254  0.9293597702791891  0.0021535587070909824
507.88031176294254  0.9293597702791891  0.0021535587070909824
514.8481092029621  0.9293615569172556  0.002153557065265341
514.8481092029621  0.9293615569172556  0.002153557065265341
516.8206405904996  0.9293633435430045  0.002153555423435496
516.8206405904996  0.9293633435430045  0.002153555423435496
518.7296023842372  0.9293679846486559  0.0021535546143070326
519.5947827070516  0.9293719070221426  0.0021535579215380633
521.0047454481722  0.9293758293866151  0.0021535612287459705
521.5753998949359  0.9293797517420738  0.0021535645359307552
521.5753998949359  0.9293797517420738  0.0021535645359307552
523.8896084728464  0.9293837773196659  0.0021535680822996313
524.6418702059756  0.929385389053536  0.0021535660353213487
525.5752500483251  0.9293893113751736  0.002153569342434789
525.5752500483251  0.9293893113751736  0.002153569342434789
525.5752500483251  0.9293893113751736  0.002153569342434789
528.2889949964576  0.9293928843570413  0.002153566058467476
528.2889949964576  0.9293928843570413  0.002153566058467476
530.8045128452474  0.9293937398102863  0.0021535622591487592
530.8045128452474  0.9293937398102863  0.0021535622591487592
532.4188433281732  0.9293934314778006  0.0021535557631851146
533.1928696299913  0.9293898785016951  0.0021535417489249873
534.2972093958598  0.9293916649499622  0.0021535401070040205
535.5277846697937  0.929392383510823  0.0021535359906584874
535.5277846697937  0.929392383510823  0.0021535359906584874
535.5277846697937  0.929392383510823  0.0021535359906584874
535.5277846697937  0.929392383510823  0.0021535359906584874
535.5277846697937  0.929392383510823  0.0021535359906584874
540.6489795052986  0.9293888306055853  0.00215352197677508
542.113127262798  0.9293996302487202  0.0021535296572430863
542.113127262798  0.9293996302487202  0.0021535296572430863
543.5000967320825  0.9293971451803835  0.0021535181178879053
543.5000967320825  0.9293971451803835  0.0021535181178879053
543.5000967320825  0.9293971451803835  0.0021535181178879053
547.1176695367768  0.9293989315504301  0.0021535164759886247
547.1176695367768  0.9293989315504301  0.0021535164759886247
547.1176695367768  0.9293989315504301  0.0021535164759886247
547.1176695367768  0.9293989315504301  0.0021535164759886247
550.2883194820118  0.9294019249765728  0.0021535176309839185
551.6796412907426  0.9294026434673491  0.0021535135147488895
553.083346826386  0.9294019447471783  0.0021535003337960863
553.083346826386  0.9294019447471783  0.0021535003337960863
553.083346826386  0.9294019447471783  0.0021535003337960863
553.083346826386  0.9294019447471783  0.0021535003337960863
553.083346826386  0.9294019447471783  0.0021535003337960863
553.083346826386  0.9294019447471783  0.0021535003337960863
553.083346826386  0.9294019447471783  0.0021535003337960863
553.083346826386  0.9294019447471783  0.0021535003337960863
560.4662703575129  0.9294087208811895  0.0021535044728025073
560.4662703575129  0.9294087208811895  0.0021535044728025073
560.4662703575129  0.9294087208811895  0.0021535044728025073
563.5936691190024  0.9294144291230043  0.0021535061374595515
563.5936691190024  0.9294144291230043  0.0021535061374595515
563.5936691190024  0.9294144291230043  0.0021535061374595515
563.5936691190024  0.9294144291230043  0.0021535061374595515
563.5936691190024  0.9294144291230043  0.0021535061374595515
563.5936691190024  0.9294144291230043  0.0021535061374595515
563.5936691190024  0.9294144291230043  0.0021535061374595515
563.5936691190024  0.9294144291230043  0.0021535061374595515
571.5680924884049  0.9294222730090752  0.002153512750543535
571.5680924884049  0.9294222730090752  0.002153512750543535
571.5680924884049  0.9294222730090752  0.002153512750543535
571.5680924884049  0.9294222730090752  0.002153512750543535
571.5680924884049  0.9294222730090752  0.002153512750543535
571.5680924884049  0.9294222730090752  0.002153512750543535
571.5680924884049  0.9294222730090752  0.002153512750543535
578.4564821312579  0.9294261949385925  0.0021535160570508535
579.4361207876146  0.9294301168590976  0.0021535193635350562
579.4361207876146  0.9294301168590976  0.0021535193635350562
581.4301878442513  0.9294308351996738  0.002153515247239599
581.4301878442513  0.9294308351996738  0.002153515247239599
581.4301878442513  0.9294308351996738  0.002153515247239599
581.4301878442513  0.9294308351996738  0.002153515247239599
585.4949635432781  0.9294347570923175  0.002153518553674703
586.7281431862081  0.9294339828174093  0.002153510979024496
586.7281431862081  0.9294339828174093  0.002153510979024496
588.6888923240552  0.929433633287888  0.002153504388568575
589.2835644043749  0.9294354194392634  0.002153502746538211
589.2835644043749  0.9294354194392634  0.002153502746538211
591.8945789494799  0.9294318664126682  0.0021534887336849733
592.1864297014367  0.9294306670328262  0.0021534801742949575
594.1156925037935  0.9294324531599588  0.00215347853233319
594.1156925037935  0.9294324531599588  0.00215347853233319
594.1156925037935  0.9294324531599588  0.00215347853233319
594.1156925037935  0.9294324531599588  0.00215347853233319
594.1156925037935  0.9294324531599588  0.00215347853233319
594.1156925037935  0.9294324531599588  0.00215347853233319
594.1156925037935  0.9294324531599588  0.00215347853233319
594.1156925037935  0.9294324531599588  0.00215347853233319
594.1156925037935  0.9294324531599588  0.00215347853233319
594.1156925037935  0.9294324531599588  0.00215347853233319
594.1156925037935  0.9294324531599588  0.00215347853233319
594.1156925037935  0.9294324531599588  0.00215347853233319
594.1156925037935  0.9294324531599588  0.00215347853233319
594.1156925037935  0.9294324531599588  0.00215347853233319
594.1156925037935  0.9294324531599588  0.00215347853233319
594.1156925037935  0.9294324531599588  0.00215347853233319
594.1156925037935  0.9294324531599588  0.00215347853233319
594.1156925037935  0.9294324531599588  0.00215347853233319
611.4283830979131  0.9294299680333987  0.0021534669940031616
611.4283830979131  0.9294299680333987  0.0021534669940031616
611.4283830979131  0.9294299680333987  0.0021534669940031616
611.4283830979131  0.9294299680333987  0.0021534669940031616
611.4283830979131  0.9294299680333987  0.0021534669940031616
611.4283830979131  0.9294299680333987  0.0021534669940031616
611.4283830979131  0.9294299680333987  0.0021534669940031616
611.4283830979131  0.9294299680333987  0.0021534669940031616
611.4283830979131  0.9294299680333987  0.0021534669940031616
611.4283830979131  0.9294299680333987  0.0021534669940031616
611.4283830979131  0.9294299680333987  0.0021534669940031616
611.4283830979131  0.9294299680333987  0.0021534669940031616
611.4283830979131  0.9294299680333987  0.0021534669940031616
611.4283830979131  0.9294299680333987  0.0021534669940031616
611.4283830979131  0.9294299680333987  0.0021534669940031616
611.4283830979131  0.9294299680333987  0.0021534669940031616
627.8855220434995  0.9294338897549463  0.0021534703002244904
628.4168883565044  0.9294367436567139  0.0021534711323439905
628.4168883565044  0.9294367436567139  0.0021534711323439905
628.4168883565044  0.9294367436567139  0.0021534711323439905
628.4168883565044  0.9294367436567139  0.0021534711323439905
628.4168883565044  0.9294367436567139  0.0021534711323439905
628.4168883565044  0.9294367436567139  0.0021534711323439905
634.2201894055144  0.9294363941253062  0.0021534645422562997
634.2201894055144  0.9294363941253062  0.0021534645422562997
634.2201894055144  0.9294363941253062  0.0021534645422562997
634.2201894055144  0.9294363941253062  0.0021534645422562997
638.5105675571459  0.9294392479983682  0.0021534653743513084
638.5105675571459  0.9294392479983682  0.0021534653743513084
640.771948954401  0.9294431696641989  0.0021534686804744537
640.771948954401  0.9294431696641989  0.0021534686804744537
640.771948954401  0.9294431696641989  0.0021534686804744537
640.771948954401  0.9294431696641989  0.0021534686804744537
640.771948954401  0.9294431696641989  0.0021534686804744537
640.771948954401  0.9294431696641989  0.0021534686804744537
640.771948954401  0.9294431696641989  0.0021534686804744537
647.9888698820508  0.9294460235118563  0.002153469512526056
647.9888698820508  0.9294460235118563  0.002153469512526056
647.9888698820508  0.9294460235118563  0.002153469512526056
650.1355481911838  0.9294459257253493  0.002153463505851477
650.1355481911838  0.9294459257253493  0.002153463505851477
652.7106651657615  0.9294455761471261  0.0021534569158418028
652.7106651657615  0.9294455761471261  0.0021534569158418028
652.7106651657615  0.9294455761471261  0.0021534569158418028
655.8834095039239  0.9294408345415646  0.002153434369968661
656.649726589564  0.9294421583562098  0.002153425877380454
656.649726589564  0.9294421583562098  0.002153425877380454
656.649726589564  0.9294421583562098  0.002153425877380454
656.649726589564  0.9294421583562098  0.002153425877380454
656.649726589564  0.9294421583562098  0.002153425877380454
656.649726589564  0.9294421583562098  0.002153425877380454
662.5848449331774  0.9294371882819128  0.0021534028027033847
663.5016218404156  0.929436838770299  0.0021533962132433697
663.5016218404156  0.929436838770299  0.0021533962132433697
663.5016218404156  0.929436838770299  0.0021533962132433697
663.5016218404156  0.929436838770299  0.0021533962132433697
663.5016218404156  0.929436838770299  0.0021533962132433697
663.5016218404156  0.929436838770299  0.0021533962132433697
669.8085246309009  0.9294364892627005  0.0021533896238435414
670.2311119525773  0.9294304517120034  0.002153364076535119
672.0966449496515  0.9294358188988067  0.002153359173253578
672.544390375779  0.9294301309794697  0.0021533402159104463
673.5028525277755  0.929431916877321  0.0021533385742711865
673.5028525277755  0.929431916877321  0.0021533385742711865
675.954425299688  0.9294301502926032  0.0021533229229958794
676.4674591508419  0.9294308685019551  0.002153318807826704
676.4674591508419  0.9294308685019551  0.002153318807826704
676.4674591508419  0.9294308685019551  0.002153318807826704
676.4674591508419  0.9294308685019551  0.002153318807826704
681.0612777805659  0.9294326543603377  0.0021533171662331224
681.0612777805659  0.9294326543603377  0.0021533171662331224
681.0612777805659  0.9294326543603377  0.0021533171662331224
681.0612777805659  0.9294326543603377  0.0021533171662331224
685.0183140425142  0.9294365755217772  0.0021533204717381514
685.0183140425142  0.9294365755217772  0.0021533204717381514
685.0183140425142  0.9294365755217772  0.0021533204717381514
687.6594760753245  0.9294357486284968  0.00215331277696803
687.6594760753245  0.9294357486284968  0.00215331277696803
687.6594760753245  0.9294357486284968  0.00215331277696803
690.2388872496001  0.9294353147454655  0.0021533059927767444
690.2388872496001  0.9294353147454655  0.0021533059927767444
690.2388872496001  0.9294353147454655  0.0021533059927767444
690.2388872496001  0.9294353147454655  0.0021533059927767444
690.2388872496001  0.9294353147454655  0.0021533059927767444
695.7054653700781  0.9294349652753329  0.0021532994042037764
695.7054653700781  0.9294349652753329  0.0021532994042037764
695.7054653700781  0.9294349652753329  0.0021532994042037764
695.7054653700781  0.9294349652753329  0.0021532994042037764
695.7054653700781  0.9294349652753329  0.0021532994042037764
700.7884884387797  0.9294314129221194  0.002153285395315568
701.8704438501264  0.9294331987221591  0.002153283753795979
701.8704438501264  0.9294331987221591  0.002153283753795979
701.8704438501264  0.9294331987221591  0.002153283753795979
701.8704438501264  0.9294331987221591  0.002153283753795979
705.7812140280694  0.9294339578761285  0.00215327973380339
705.7812140280694  0.9294339578761285  0.00215327973380339
705.7812140280694  0.9294339578761285  0.00215327973380339
708.2254252938379  0.9294304055932227  0.00215326572529017
708.2254252938379  0.9294304055932227  0.00215326572529017
708.2254252938379  0.9294304055932227  0.00215326572529017
708.2254252938379  0.9294304055932227  0.00215326572529017
708.2254252938379  0.9294304055932227  0.00215326572529017
713.9566178332149  0.929434326579388  0.0021532690305802863
713.9566178332149  0.929434326579388  0.0021532690305802863
713.9566178332149  0.929434326579388  0.0021532690305802863
713.9566178332149  0.929434326579388  0.0021532690305802863
713.9566178332149  0.929434326579388  0.0021532690305802863
719.0003963431349  0.9294361123366454  0.0021532673890851534
719.0003963431349  0.9294361123366454  0.0021532673890851534
720.8842621568516  0.9294401724806594  0.002153271016776603
722.07525480142  0.9294419582098349  0.0021532693752509074
722.7454693846852  0.9294426763200905  0.002153265260367588
722.7454693846852  0.9294426763200905  0.002153265260367588
722.7454693846852  0.9294426763200905  0.002153265260367588
722.7454693846852  0.9294426763200905  0.002153265260367588
722.7454693846852  0.9294426763200905  0.002153265260367588
722.7454693846852  0.9294426763200905  0.002153265260367588
728.8474385920641  0.929446597238702  0.0021532685655356355
728.8474385920641  0.929446597238702  0.0021532685655356355
728.8474385920641  0.929446597238702  0.0021532685655356355
731.6068510610946  0.9294473153235191  0.002153264450648655
733.0336260427815  0.929450168607649  0.0021532652824340693
733.0336260427815  0.929450168607649  0.0021532652824340693
733.0336260427815  0.929450168607649  0.0021532652824340693
733.0336260427815  0.929450168607649  0.0021532652824340693
733.0336260427815  0.929450168607649  0.0021532652824340693
733.0336260427815  0.929450168607649  0.0021532652824340693
733.0336260427815  0.929450168607649  0.0021532652824340693
733.0336260427815  0.929450168607649  0.0021532652824340693
733.0336260427815  0.929450168607649  0.0021532652824340693
733.0336260427815  0.929450168607649  0.0021532652824340693
742.8562217093117  0.9294580103556004  0.0021532718926008223
742.8562217093117  0.9294580103556004  0.0021532718926008223
745.0754420211199  0.9294619312160652  0.0021532751976495504
745.0754420211199  0.9294619312160652  0.0021532751976495504
746.4177217786757  0.9294580292186095  0.002153254601330924
748.0870191851799  0.9294619500160024  0.002153257906299847
748.0870191851799  0.9294619500160024  0.002153257906299847
748.0870191851799  0.9294619500160024  0.002153257906299847
748.0870191851799  0.9294619500160024  0.002153257906299847
751.3496944660375  0.929461600418524  0.00215325131819147
752.3917781251099  0.9294655211847943  0.0021532546231103765
753.8822177468865  0.9294684523184563  0.0021532440792205775
754.6668054917775  0.9294723730215911  0.0021532473840391937
754.6668054917775  0.9294723730215911  0.0021532473840391937
756.1625425351406  0.9294762937157197  0.002153250688834714
758.0541188123941  0.929481650183601  0.002153245763902243
758.0541188123941  0.929481650183601  0.002153245763902243
758.0541188123941  0.929481650183601  0.002153245763902243
760.3928517243565  0.9294819434329366  0.0021532406653791396
760.3928517243565  0.9294819434329366  0.0021532406653791396
760.3928517243565  0.9294819434329366  0.0021532406653791396
760.3928517243565  0.9294819434329366  0.0021532406653791396
760.3928517243565  0.9294819434329366  0.0021532406653791396
760.3928517243565  0.9294819434329366  0.0021532406653791396
760.3928517243565  0.9294819434329366  0.0021532406653791396
768.0301027996007  0.9294818116343795  0.002153234582234318
768.5322534538833  0.9294782592436192  0.002153220575025987
769.4446382844656  0.9294757744665533  0.0021532090411255154
769.4446382844656  0.9294757744665533  0.0021532090411255154
769.4446382844656  0.9294757744665533  0.0021532090411255154
772.9810683741885  0.9294814804225544  0.002153210704143852
772.9810683741885  0.9294814804225544  0.002153210704143852
774.9904639784106  0.929485400934233  0.0021532140086814953
774.9904639784106  0.929485400934233  0.0021532140086814953
776.9294080832054  0.9294829161339964  0.0021532024749307704
776.9294080832054  0.9294829161339964  0.0021532024749307704
776.9294080832054  0.9294829161339964  0.0021532024749307704
776.9294080832054  0.9294829161339964  0.0021532024749307704
776.9294080832054  0.9294829161339964  0.0021532024749307704
776.9294080832054  0.9294829161339964  0.0021532024749307704
776.9294080832054  0.9294829161339964  0.0021532024749307704
776.9294080832054  0.9294829161339964  0.0021532024749307704
776.9294080832054  0.9294829161339964  0.0021532024749307704
776.9294080832054  0.9294829161339964  0.0021532024749307704
776.9294080832054  0.9294829161339964  0.0021532024749307704
776.9294080832054  0.9294829161339964  0.0021532024749307704
776.9294080832054  0.9294829161339964  0.0021532024749307704
776.9294080832054  0.9294829161339964  0.0021532024749307704
776.9294080832054  0.9294829161339964  0.0021532024749307704
776.9294080832054  0.9294829161339964  0.0021532024749307704
776.9294080832054  0.9294829161339964  0.0021532024749307704
793.7703615130998  0.9294726889737712  0.0021531730056680225
793.7703615130998  0.9294726889737712  0.0021531730056680225
795.5649763495335  0.929475222308977  0.00215317309686714
795.5649763495335  0.929475222308977  0.00215317309686714
795.5649763495335  0.929475222308977  0.00215317309686714
795.5649763495335  0.929475222308977  0.00215317309686714
795.5649763495335  0.929475222308977  0.00215317309686714
800.6078567298453  0.9294658166166165  0.00215314553083623
801.2304228104928  0.9294697369750232  0.0021531488352268618
802.9424355435837  0.929477577664822  0.0021531554439388517
803.5317971782774  0.9294804304976702  0.0021531562753827694
803.5317971782774  0.9294804304976702  0.0021531562753827694
805.9690937637234  0.9294753539369829  0.002153138738320131
805.9690937637234  0.9294753539369829  0.002153138738320131
807.5750340994276  0.9294771392579683  0.0021531370969403866
809.0398326631539  0.9294799920445515  0.002153137928366167
810.0394582613152  0.9294807098630328  0.0021531338141683285
810.0394582613152  0.9294807098630328  0.0021531338141683285
810.0394582613152  0.9294807098630328  0.0021531338141683285
812.1865698787072  0.9294792927378892  0.00215312475444338
812.1865698787072  0.9294792927378892  0.00215312475444338
814.9029836962305  0.9294768081764212  0.002153113222089044
814.9029836962305  0.9294768081764212  0.002153113222089044
814.9029836962305  0.9294768081764212  0.002153113222089044
814.9029836962305  0.9294768081764212  0.002153113222089044
818.8639978758645  0.9294732562129328  0.0021530992172046877
818.8639978758645  0.9294732562129328  0.0021530992172046877
820.7824669687138  0.9294769341067337  0.002153101960131479
821.424459680628  0.9294765844794853  0.002153095373467447
822.2390139240731  0.9294747605814849  0.002153085371774124
822.2390139240731  0.9294747605814849  0.002153085371774124
822.2390139240731  0.9294747605814849  0.002153085371774124
825.6288708465205  0.9294793984655101  0.0021530845618872433
825.6288708465205  0.9294793984655101  0.0021530845618872433
827.9135994257769  0.9294833185290212  0.002153087865864489
827.9135994257769  0.9294833185290212  0.002153087865864489
827.9135994257769  0.9294833185290212  0.002153087865864489
830.6422128958638  0.9294842880018037  0.002153084335005653
830.6422128958638  0.9294842880018037  0.002153084335005653
832.1412976327896  0.929481803506813  0.002153072803331703
833.7954313716841  0.9294933297708041  0.0021530763971392575
835.0907323564018  0.9294940474766926  0.0021530722832702716
835.0907323564018  0.9294940474766926  0.0021530722832702716
835.0907323564018  0.9294940474766926  0.0021530722832702716
835.0907323564018  0.9294940474766926  0.0021530722832702716
835.0907323564018  0.9294940474766926  0.0021530722832702716
835.0907323564018  0.9294940474766926  0.0021530722832702716
840.2392473629518  0.9294883607603741  0.002153053334328306
840.2392473629518  0.9294883607603741  0.002153053334328306
842.1790435461382  0.9294925766122603  0.002153057323607086
842.1790435461382  0.9294925766122603  0.002153057323607086
842.1790435461382  0.9294925766122603  0.002153057323607086
842.1790435461382  0.9294925766122603  0.002153057323607086
842.1790435461382  0.9294925766122603  0.002153057323607086
847.9049829098954  0.9294922269155755  0.002153050737366325
848.2392529697702  0.9294961467870879  0.0021530540410625403
849.6461016405616  0.9294986647040283  0.0021530540973241728
849.6461016405616  0.9294986647040283  0.0021530540973241728
851.1405596288203  0.9295004497595764  0.0021530524560342892
853.1192543299424  0.9294958304904551  0.002153035980122883
853.1192543299424  0.9294958304904551  0.002153035980122883
853.1192543299424  0.9294958304904551  0.002153035980122883
853.1192543299424  0.9294958304904551  0.002153035980122883
853.1192543299424  0.9294958304904551  0.002153035980122883
857.7360190175937  0.9294976155311687  0.0021530343388870385
857.7360190175937  0.9294976155311687  0.0021530343388870385
857.7360190175937  0.9294976155311687  0.0021530343388870385
857.7360190175937  0.9294976155311687  0.0021530343388870385
861.3317605615698  0.9294994005595836  0.002153032697647008
861.3317605615698  0.9294994005595836  0.002153032697647008
861.3317605615698  0.9294994005595836  0.002153032697647008
864.3158103208289  0.9294996409185848  0.0021530274784678813
864.3158103208289  0.9294996409185848  0.0021530274784678813
864.3158103208289  0.9294996409185848  0.0021530274784678813
864.3158103208289  0.9294996409185848  0.0021530274784678813
868.7396109051252  0.9295002741718028  0.002153023169402292
868.7396109051252  0.9295002741718028  0.002153023169402292
868.7396109051252  0.9295002741718028  0.002153023169402292
868.7396109051252  0.9295002741718028  0.002153023169402292
868.7396109051252  0.9295002741718028  0.002153023169402292
868.7396109051252  0.9295002741718028  0.002153023169402292
868.7396109051252  0.9295002741718028  0.002153023169402292
868.7396109051252  0.9295002741718028  0.002153023169402292
868.7396109051252  0.9295002741718028  0.002153023169402292
868.7396109051252  0.9295002741718028  0.002153023169402292
868.7396109051252  0.9295002741718028  0.002153023169402292
868.7396109051252  0.9295002741718028  0.002153023169402292
868.7396109051252  0.9295002741718028  0.002153023169402292
868.7396109051252  0.9295002741718028  0.002153023169402292
868.7396109051252  0.9295002741718028  0.002153023169402292
868.7396109051252  0.9295002741718028  0.002153023169402292
868.7396109051252  0.9295002741718028  0.002153023169402292
868.7396109051252  0.9295002741718028  0.002153023169402292
868.7396109051252  0.9295002741718028  0.002153023169402292
868.7396109051252  0.9295002741718028  0.002153023169402292
868.7396109051252  0.9295002741718028  0.002153023169402292
868.7396109051252  0.9295002741718028  0.002153023169402292
868.7396109051252  0.9295002741718028  0.002153023169402292
868.7396109051252  0.9295002741718028  0.002153023169402292
868.7396109051252  0.9295002741718028  0.002153023169402292
868.7396109051252  0.9295002741718028  0.002153023169402292
868.7396109051252  0.9295002741718028  0.002153023169402292
868.7396109051252  0.9295002741718028  0.002153023169402292
868.7396109051252  0.9295002741718028  0.002153023169402292
868.7396109051252  0.9295002741718028  0.002153023169402292
868.7396109051252  0.9295002741718028  0.002153023169402292
868.7396109051252  0.9295002741718028  0.002153023169402292
900.3510819457393  0.9295031265323697  0.00215302400053165
902.0582839638595  0.9295088312141984  0.002153025662732429
902.7611509264605  0.929512750905321  0.00215302896615103
902.7611509264605  0.929512750905321  0.00215302896615103
902.7611509264605  0.929512750905321  0.00215302896615103
902.7611509264605  0.929512750905321  0.00215302896615103
906.6943249802875  0.9295195228841492  0.0021530331005699026
907.3170970507277  0.9295234425449906  0.0021530364039183073
908.7494899034081  0.9295262948163194  0.0021530372348983135
909.9576941467951  0.9295280235102948  0.002153035463383754
909.9576941467951  0.9295280235102948  0.002153035463383754
911.4375958366845  0.9295308757545545  0.0021530362943301125
912.4652562712628  0.9295273237547804  0.0021530222914253787
912.4652562712628  0.9295273237547804  0.0021530222914253787
912.4652562712628  0.9295273237547804  0.0021530222914253787
912.4652562712628  0.9295273237547804  0.0021530222914253787
916.4979007076323  0.9295312433344128  0.002153025594647839
917.9516514050017  0.9295369477229883  0.002153027256452626
917.9516514050017  0.9295369477229883  0.002153027256452626
917.9516514050017  0.9295369477229883  0.002153027256452626
920.7854162071568  0.9295333957204588  0.0021530132537779744
920.7854162071568  0.9295333957204588  0.0021530132537779744
920.7854162071568  0.9295333957204588  0.0021530132537779744
923.8556235451879  0.9295266417693452  0.0021529918347640616
924.6272773138443  0.9295334133655482  0.002152995968734637
924.6272773138443  0.9295334133655482  0.002152995968734637
924.6272773138443  0.9295334133655482  0.002152995968734637
927.4192796183505  0.9295373328166704  0.0021529992717764694
927.4192796183505  0.9295373328166704  0.0021529992717764694
927.4192796183505  0.9295373328166704  0.0021529992717764694
927.4192796183505  0.9295373328166704  0.0021529992717764694
931.899842326394  0.9295391175738557  0.0021529976304399826
932.2945248463744  0.9295387676468679  0.00215299104478758
932.2945248463744  0.9295387676468679  0.00215299104478758
935.0085992925336  0.9295409794950013  0.0021529846176626555
935.0085992925336  0.9295409794950013  0.0021529846176626555
935.0085992925336  0.9295409794950013  0.0021529846176626555
935.0085992925336  0.9295409794950013  0.0021529846176626555
938.5213696408417  0.9295416968840658  0.002152980504234538
939.6990639295079  0.929545616234445  0.0021529838071242986
939.6990639295079  0.929545616234445  0.0021529838071242986
939.6990639295079  0.929545616234445  0.0021529838071242986
939.6990639295079  0.929545616234445  0.0021529838071242986
939.6990639295079  0.929545616234445  0.0021529838071242986
939.6990639295079  0.929545616234445  0.0021529838071242986
939.6990639295079  0.929545616234445  0.0021529838071242986
939.6990639295079  0.929545616234445  0.0021529838071242986
939.6990639295079  0.929545616234445  0.0021529838071242986
948.940129446285  0.929543131642426  0.002152972277445186
948.940129446285  0.929543131642426  0.002152972277445186
951.0137276801597  0.9295470509551553  0.002152975580283073
951.4631113486596  0.9295509702588846  0.002152978883097886
951.4631113486596  0.9295509702588846  0.002152978883097886
953.2541728436405  0.9295527549091076  0.0021529772417473833
953.2541728436405  0.9295527549091076  0.0021529772417473833
953.2541728436405  0.9295527549091076  0.0021529772417473833
956.2958097779384  0.9295502702939461  0.0021529657122179415
956.2958097779384  0.9295502702939461  0.0021529657122179415
956.2958097779384  0.9295502702939461  0.0021529657122179415
956.2958097779384  0.9295502702939461  0.0021529657122179415
956.2958097779384  0.9295502702939461  0.0021529657122179415
956.2958097779384  0.9295502702939461  0.0021529657122179415
956.2958097779384  0.9295502702939461  0.0021529657122179415
956.2958097779384  0.9295502702939461  0.0021529657122179415
956.2958097779384  0.9295502702939461  0.0021529657122179415
956.2958097779384  0.9295502702939461  0.0021529657122179415
956.2958097779384  0.9295502702939461  0.0021529657122179415
956.2958097779384  0.9295502702939461  0.0021529657122179415
956.2958097779384  0.9295502702939461  0.0021529657122179415
956.2958097779384  0.9295502702939461  0.0021529657122179415
956.2958097779384  0.9295502702939461  0.0021529657122179415
956.2958097779384  0.9295502702939461  0.0021529657122179415
956.2958097779384  0.9295502702939461  0.0021529657122179415
973.5428290952754  0.9295411123017212  0.002152938726352211
973.5428290952754  0.9295411123017212  0.002152938726352211
976.0195993673492  0.929544712001522  0.0021529412890499045
976.0195993673492  0.929544712001522  0.0021529412890499045
976.0195993673492  0.929544712001522  0.0021529412890499045
976.0195993673492  0.929544712001522  0.0021529412890499045
976.0195993673492  0.929544712001522  0.0021529412890499045
980.5963280001289  0.9295363752194852  0.0021529162054453655
980.5963280001289  0.9295363752194852  0.0021529162054453655
982.1815540613479  0.9295402943643123  0.00215291950809118
983.4040241439893  0.9295442135001397  0.002152922810713922
983.4040241439893  0.9295442135001397  0.002152922810713922
983.4040241439893  0.9295442135001397  0.002152922810713922
986.6712469938041  0.9295402049477761  0.0021529077520185172
987.9535894589648  0.9295430212825626  0.002152908500495786
987.9535894589648  0.9295430212825626  0.002152908500495786
987.9535894589648  0.9295430212825626  0.002152908500495786
987.9535894589648  0.9295430212825626  0.002152908500495786
991.1502204555109  0.92954373860995  0.0021529043875002842
991.1502204555109  0.92954373860995  0.0021529043875002842
993.3879651159644  0.9295423214486673  0.0021528953308936304
993.3879651159644  0.9295423214486673  0.0021528953308936304
993.3879651159644  0.9295423214486673  0.0021528953308936304
996.212888909156  0.9295398370785235  0.0021528838026154836
996.212888909156  0.9295398370785235  0.0021528838026154836
996.212888909156  0.9295398370785235  0.0021528838026154836
999.7061941156593  0.9295371507163265  0.002152871806587212
999.7061941156593  0.9295371507163265  0.002152871806587212
999.7061941156593  0.9295371507163265  0.002152871806587212
1002.8572103602764  0.9295368008407882  0.002152865222087645
1003.3994919316823  0.9295360442097117  0.002152857695570209
1003.3994919316823  0.9295360442097117  0.002152857695570209
1003.3994919316823  0.9295360442097117  0.002152857695570209
1003.3994919316823  0.9295360442097117  0.002152857695570209
1007.2786332914098  0.9295406804554334  0.0021528568852322042
1007.2786332914098  0.9295406804554334  0.0021528568852322042
1009.4179407820241  0.9295445993611985  0.0021528601875629915
1009.4179407820241  0.9295445993611985  0.0021528601875629915
1009.4179407820241  0.9295445993611985  0.0021528601875629915
1009.4179407820241  0.9295445993611985  0.0021528601875629915
1009.4179407820241  0.9295445993611985  0.0021528601875629915
1009.4179407820241  0.9295445993611985  0.0021528601875629915
1015.7967003261781  0.9295467512016199  0.00215284784946556
1016.2242818356247  0.9295506700419255  0.0021528511516954907
1016.2242818356247  0.9295506700419255  0.0021528511516954907
1016.2242818356247  0.9295506700419255  0.0021528511516954907
1016.2242818356247  0.9295506700419255  0.0021528511516954907
1016.2242818356247  0.9295506700419255  0.0021528511516954907
1016.2242818356247  0.9295506700419255  0.0021528511516954907
1016.2242818356247  0.9295506700419255  0.0021528511516954907
1016.2242818356247  0.9295506700419255  0.0021528511516954907
1016.2242818356247  0.9295506700419255  0.0021528511516954907
1016.2242818356247  0.9295506700419255  0.0021528511516954907
1016.2242818356247  0.9295506700419255  0.0021528511516954907
1016.2242818356247  0.9295506700419255  0.0021528511516954907
1016.2242818356247  0.9295506700419255  0.0021528511516954907
1016.2242818356247  0.9295506700419255  0.0021528511516954907
1016.2242818356247  0.9295506700419255  0.0021528511516954907
1016.2242818356247  0.9295506700419255  0.0021528511516954907
1016.2242818356247  0.9295506700419255  0.0021528511516954907
1016.2242818356247  0.9295506700419255  0.0021528511516954907
1016.2242818356247  0.9295506700419255  0.0021528511516954907
1016.2242818356247  0.9295506700419255  0.0021528511516954907
1016.2242818356247  0.9295506700419255  0.0021528511516954907
1016.2242818356247  0.9295506700419255  0.0021528511516954907
1016.2242818356247  0.9295506700419255  0.0021528511516954907
1016.2242818356247  0.9295506700419255  0.0021528511516954907
1016.2242818356247  0.9295506700419255  0.0021528511516954907
1016.2242818356247  0.9295506700419255  0.0021528511516954907
1042.9880636078663  0.9295524544820074  0.0021528495106384396
1042.9880636078663  0.9295524544820074  0.0021528495106384396
1042.9880636078663  0.9295524544820074  0.0021528495106384396
1042.9880636078663  0.9295524544820074  0.0021528495106384396
1042.9880636078663  0.9295524544820074  0.0021528495106384396
1042.9880636078663  0.9295524544820074  0.0021528495106384396
1042.9880636078663  0.9295524544820074  0.0021528495106384396
1042.9880636078663  0.9295524544820074  0.0021528495106384396
1042.9880636078663  0.9295524544820074  0.0021528495106384396
1042.9880636078663  0.9295524544820074  0.0021528495106384396
1042.9880636078663  0.9295524544820074  0.0021528495106384396
1042.9880636078663  0.9295524544820074  0.0021528495106384396
1042.9880636078663  0.9295524544820074  0.0021528495106384396
1042.9880636078663  0.9295524544820074  0.0021528495106384396
1042.9880636078663  0.9295524544820074  0.0021528495106384396
1042.9880636078663  0.9295524544820074  0.0021528495106384396
1042.9880636078663  0.9295524544820074  0.0021528495106384396
1042.9880636078663  0.9295524544820074  0.0021528495106384396
1042.9880636078663  0.9295524544820074  0.0021528495106384396
1042.9880636078663  0.9295524544820074  0.0021528495106384396
1042.9880636078663  0.9295524544820074  0.0021528495106384396
1042.9880636078663  0.9295524544820074  0.0021528495106384396
1042.9880636078663  0.9295524544820074  0.0021528495106384396
1042.9880636078663  0.9295524544820074  0.0021528495106384396
1042.9880636078663  0.9295524544820074  0.0021528495106384396
1042.9880636078663  0.9295524544820074  0.0021528495106384396
1042.9880636078663  0.9295524544820074  0.0021528495106384396
1042.9880636078663  0.9295524544820074  0.0021528495106384396
1042.9880636078663  0.9295524544820074  0.0021528495106384396
1042.9880636078663  0.9295524544820074  0.0021528495106384396
1042.9880636078663  0.9295524544820074  0.0021528495106384396
1042.9880636078663  0.9295524544820074  0.0021528495106384396
1042.9880636078663  0.9295524544820074  0.0021528495106384396
1042.9880636078663  0.9295524544820074  0.0021528495106384396
1042.9880636078663  0.9295524544820074  0.0021528495106384396
1077.2281789396375  0.9295553061025581  0.002152850341195931
1077.2281789396375  0.9295553061025581  0.002152850341195931
1077.2281789396375  0.9295553061025581  0.002152850341195931
1077.2281789396375  0.9295553061025581  0.002152850341195931
1077.2281789396375  0.9295553061025581  0.002152850341195931
1077.2281789396375  0.9295553061025581  0.002152850341195931
1084.0821474643888  0.9295592249060474  0.0021528536433537988
1084.3561649593482  0.9295620765012308  0.002152854473867971
1085.3650613195082  0.9295659952834504  0.0021528577759787524
1085.3650613195082  0.9295659952834504  0.0021528577759787524
1087.4501160357138  0.9295688468532666  0.002152858606449606
1088.91537180633  0.9295727656142162  0.0021528619085133005
1088.91537180633  0.9295727656142162  0.0021528619085133005
1088.91537180633  0.9295727656142162  0.0021528619085133005
1088.91537180633  0.9295727656142162  0.0021528619085133005
1088.91537180633  0.9295727656142162  0.0021528619085133005
1093.5279749305375  0.9295692139651095  0.0021528479093814515
1094.4544186570495  0.9295731326851475  0.0021528512113923415
1094.4544186570495  0.9295731326851475  0.0021528512113923415
1096.4280669348398  0.9295770513961877  0.0021528545133801657
1097.4017752966931  0.9295788357003393  0.002152852872198143
1097.4017752966931  0.9295788357003393  0.002152852872198143
1099.425585848172  0.9295752840484895  0.002152838873296281
1099.425585848172  0.9295752840484895  0.002152838873296281
1099.425585848172  0.9295752840484895  0.002152838873296281
