-7.4971  0.9814725335047771  0.042041664219197965
-7.4487  0.9937318271321801  0.040704841661119553
-7.3971  0.997701210401461  0.039163198214078786
-7.3473999999999995  0.9923915965793509  0.03729636008961274
-7.2974  0.9953001979741787  0.03624669534168446
-7.2482  0.9977678242365169  0.0349932453696806
-7.196899999999999  0.9993343419073607  0.03384173104650681
-7.147399999999999  0.9969849092514843  0.032905405276005995
-7.0969999999999995  1.005199252593384  0.03224178105966671
-7.047  1.0026267259264143  0.030971242995602756
-6.9978  1.0067218513887919  0.030081568960549296
-6.9468  1.0032212439724912  0.02903317666107621
-6.8972  0.9971743554060688  0.027948396717672033
-6.8473999999999995  0.9898292439140085  0.027019917752847147
-6.7981  0.9918484056575777  0.02647047567541118
-6.7473  0.9905558678140524  0.025870926958767842
-6.697299999999999  0.9962328451398977  0.025544431926664043
-6.646999999999999  1.0023196141102924  0.025089371692984867
-6.5968  0.9956259812914882  0.02442197101473729
-6.547  0.9906812364555442  0.023749764817529887
-6.4985  0.9955975073306808  0.023401544037020515
-6.447699999999999  0.9945613666779388  0.023029906097209077
-6.3984  0.9968455886120229  0.022720219583894648
-6.3475  0.9980207613410661  0.022333178823186438
-6.297  1.0018842025379286  0.021925640128960533
-6.2482999999999995  1.0049864588731272  0.021628872920822297
-6.1972  1.01270716270697  0.021354487548537655
-6.1471  1.0112375038781771  0.02095407160662488
-6.0985  1.0104957463745599  0.020626658048920967
-6.0474  1.0052473424213595  0.020137192172833343
-5.9973  0.9995997165400133  0.019668168541512508
-5.9468  0.9909394593916441  0.019163128904653888
-5.8967  0.9917988710698421  0.018868317134249545
-5.8469999999999995  0.9932496966200729  0.01862816221905606
-5.7969  0.9920052810811618  0.01833591651753641
-5.7469  0.9953731830297815  0.01813670763514999
-5.6974  0.9958265733657855  0.017859666714416304
-5.646999999999999  0.9985672863604178  0.017677218583363206
-5.5969  0.9971211984864181  0.0174184589203494
-5.548  0.9991236667939454  0.01723139317156018
-5.497  1.0018765175507234  0.017054607068475322
-5.4475999999999996  1.0067810030397641  0.01692367711684015
-5.3975  1.0079244406391359  0.016719970806967112
-5.3472  1.0088341798134581  0.016520515556760547
-5.2977  1.0124067669878274  0.016324895104322123
-5.247  1.0147683234017917  0.016135917252599136
-5.1982  1.0205389212560227  0.016024356536715623
-5.1472  1.0191123493521703  0.01577603539358162
-5.0973999999999995  1.0213135139066902  0.015631332494725262
-5.0466999999999995  1.022568794839712  0.015468628769665283
-4.997  1.019575295707043  0.015229420490094224
-4.946899999999999  1.022246292148921  0.015054210446988582
-4.8972999999999995  1.0214443167671514  0.014859828253231499
-4.846699999999999  1.0246355106954521  0.01472353756017215
-4.7978  1.0214663356731908  0.01449654245622101
-4.7471  1.022874518410565  0.014364005225145091
-4.6967  1.0225555366730994  0.014200790622595985
-4.6472  1.0205691644942507  0.014021241365220184
-4.5969  1.0199835281214125  0.013845646764797421
-4.547499999999999  1.0198973894993488  0.013687740135850862
-4.4973  1.0203815371718814  0.013528343594135739
-4.4467  1.023056557868763  0.013404532707200854
-4.3969  1.0238450129540044  0.013283252954281592
-4.3473999999999995  1.0307452938143966  0.013211426400437449
-4.2966999999999995  1.0272386677758336  0.013010319443680361
-4.2467  1.0273783301717823  0.012837215568835133
-4.1971  1.0250857659808617  0.012675681812884617
-4.1475  1.025651756572454  0.012532201137742999
-4.0968  1.02724085855595  0.012421555475380376
-4.0468  1.0277342228251087  0.012296955834723297
-3.9972  1.0271854878431577  0.012162217423481926
-3.9467999999999996  1.0295791457174381  0.012064368174287812
-3.8968  1.024467176319697  0.011865972952412531
-3.8467  1.0247458174616713  0.011736124570646033
-3.7971999999999997  1.0215705370840247  0.011576659818532226
-3.7468  1.0220819159999883  0.011460218842513704
-3.6967999999999996  1.0229475127482137  0.011340909394294467
-3.647  1.0225693716458517  0.011218751711526389
-3.5967  1.0241585155248454  0.011105293000128424
-3.5467999999999997  1.0228250582025127  0.010968988119536343
-3.4966999999999997  1.0215299274535832  0.010837941927263872
-3.4467  1.0218387142883143  0.010720619617226361
-3.3967  1.0234907277239915  0.010627971148276351
-3.347  1.0236671272891102  0.010522003647087504
-3.2973  1.0251792976903948  0.010436591242929567
-3.247  1.023029302788003  0.01030005464220104
-3.1967  1.022516030175051  0.010182483306136315
-3.1467  1.0210796975734338  0.010061974151703285
-3.0968  1.0205811804974283  0.009949434721714109
-3.0467  1.020500786384735  0.009851752272275402
-2.9968  1.020794492777726  0.009747525872970836
-2.9473  1.0211915882552687  0.00965582163078409
-2.8975999999999997  1.0225346738786447  0.009565175171744772
-2.8467  1.0223290244660277  0.009463575751475368
-2.7967999999999997  1.0192959244138482  0.009331723559016455
-2.7468999999999997  1.0179090088179843  0.00923275851080627
-2.6968  1.0168491053252589  0.009127526931486073
-2.6467  1.0149368584291543  0.00900823646099687
-2.5968  1.0150095941663535  0.008909078817775513
-2.5469  1.0150410261292164  0.008800529447375288
-2.4966999999999997  1.0156915222270404  0.008712366195471806
-2.4467  1.0151643077187706  0.00861609184788394
-2.3969  1.0141765812279173  0.008519484729893305
-2.3467  1.0140520997505655  0.008429095757538205
-2.2967  1.0139534176172083  0.008341694079030335
-2.2468  1.013648296993975  0.00824049840069941
-2.1967  1.0131789775064854  0.008145936366064178
-2.1468  1.0117694650925952  0.008042336994711062
-2.0967  1.0114738332962652  0.007946643698298948
-2.0467  1.0102019832309985  0.00783974351302558
-1.9967  1.0074508120039944  0.00772475049159629
-1.9466999999999999  1.0064617726621612  0.007633697024079284
-1.8968999999999998  1.006076543925287  0.0075478623720931295
-1.8467  1.0057368168969532  0.0074658958808643885
-1.7967  1.0054711856838554  0.007377630642626765
-1.7467  1.0054124915838032  0.007299024621224917
-1.6966999999999999  1.0049800239036277  0.007214778251979767
-1.6466999999999998  1.0055941966472488  0.00713097708391408
-1.5967  1.0049289158771053  0.00704506736632065
-1.5468  1.0051577982555422  0.006968175444206211
-1.4967  1.0032666852838112  0.006872656946582864
-1.4466999999999999  1.0030987942252416  0.006795245130572448
-1.3966999999999998  1.0028990417466304  0.0067168123890971355
-1.3468  1.0011024211360449  0.006634183197845842
-1.2968  1.00039877240725  0.0065525648710673765
-1.2467  0.999674695481274  0.0064660875115898474
-1.1967999999999999  0.997906883916877  0.006381386726044865
-1.1467  0.996677811691786  0.006296495826017047
-1.0967  0.9965111609723182  0.006219333659254067
-1.0467  0.9965327193848849  0.006139866758814098
-0.9966299999999999  0.9947591870048723  0.006057614629739366
-0.9467599999999999  0.9941826047023643  0.005978646641361128
-0.89662  0.992876108654812  0.005890806140467109
-0.84673  0.9906469015653296  0.00579385118884325
-0.7966799999999999  0.9879953733682507  0.005698119192061374
-0.74669  0.9864119062156338  0.005600907633521821
-0.6966399999999999  0.9844302867227767  0.005500383096210566
-0.64666  0.9813676155682798  0.0053932696205385424
-0.5968399999999999  0.9787816443126812  0.00528685116600133
-0.54663  0.9780281364672448  0.005195006695523303
-0.49661999999999995  0.9771052206729559  0.0050989196768517495
-0.44665  0.9736585167639438  0.004988531031252521
-0.39666999999999997  0.9709238844335115  0.0048756299008109434
-0.34663  0.9675112418770085  0.004753221697751359
-0.29668  0.9631037382243717  0.004620810547916926
-0.24664  0.9601663683054515  0.004492009473834888
-0.19662  0.958048479219612  0.004353731476509764
-0.14661  0.9563899214561644  0.0042143984426419555
-0.096624  0.9536230398705383  0.0040355259256780905
-0.046605999999999995  0.954044931167452  0.0038097542779562768
0.0034018  0.9097978392824816  0.003155446248675644
0.053403  0.9261444677056063  0.003586341437716349
0.10339999999999999  0.9373653437092689  0.0038923319589877093
0.15339999999999998  0.9450400310480375  0.004137834228662764
0.2034  0.9491835212717785  0.004312021234801095
0.25340999999999997  0.9557902843501359  0.004494764445294696
0.30343  0.9592640605943302  0.004655250598967228
0.3534  0.9655118403149601  0.004815415589215575
0.40341  0.9703037175155881  0.00496184364653945
0.45339999999999997  0.9718957953866473  0.005082889522757349
0.5034  0.9730535908937746  0.005205505144177434
0.5534  0.9742238006577519  0.005334789988411675
0.6033999999999999  0.9766311322594007  0.005480123140756523
0.65349  0.9783765809406405  0.0056032703969267
0.70341  0.9815367159573748  0.005731851685757737
0.7534  0.9827970096088692  0.005845634386594452
0.8034399999999999  0.9847816943943751  0.0059649788322315425
0.85348  0.9857667567469016  0.006081042155807819
0.90357  0.9870711244946524  0.006192459957714241
0.95343  0.9869553803956319  0.00629349315312809
1.0033999999999998  0.9859409951991343  0.006390637734358353
1.0534  0.9861190167605962  0.006488327226600157
1.1034  0.9884376610939947  0.006598976301469518
1.1535  0.9897004509924265  0.0067017140281744325
1.2034  0.9913597033233393  0.006809328816040145
1.2533999999999998  0.9914999558300427  0.006904421685662784
1.3034999999999999  0.9932938896249079  0.007011563916828949
1.3534  0.9960024673306419  0.007125035325740987
1.4036  0.9972928978940797  0.007224294791232043
1.4535  0.996820403710349  0.007315140312285537
1.5033999999999998  0.9984703113994763  0.0074135886590108975
1.5534999999999999  0.9993289657292432  0.007512053119234212
1.6034  0.9982406795664868  0.007600915284960227
1.6537  0.9986449148274904  0.007695785359112688
1.7035  0.9999301202109833  0.0077894038997841425
1.7533999999999998  1.0015460281576558  0.007900898591372165
1.8034  1.003444809540102  0.008015512197974388
1.8535  1.0036164260810336  0.008101324237523763
1.9037  1.005705493313426  0.008207994939605043
1.9533999999999998  1.0074902217476118  0.008319265785345333
2.0036  1.008325080921369  0.00842203166287559
2.0535  1.011807415377342  0.00854645112890306
2.1035  1.0117785049505617  0.008638534049612547
2.1534999999999997  1.0131081614322321  0.008739538413630933
2.2034  1.0150599862895495  0.008835967297635184
2.2535  1.016299408435059  0.008938322106071945
2.3037  1.017261864958068  0.009029583787920311
2.3535  1.0182309581352165  0.009130005115865978
2.4034999999999997  1.0195718308374497  0.009234176311916658
2.4535  1.020631854049998  0.009344345693395614
2.5036  1.019950813042591  0.009424214381137256
2.5534  1.0212920521245372  0.009528155526410356
2.6033999999999997  1.0203181542453046  0.009616660426471638
2.6540999999999997  1.0233911802405193  0.009735550879718684
2.7034  1.023047176135146  0.009823378113940002
2.7534  1.02306136611077  0.009926554610088999
2.8034999999999997  1.021936647029913  0.010020431538642781
2.8535999999999997  1.0246383433469082  0.010158386605414927
2.9034999999999997  1.0281797878303522  0.010291579527346882
2.9543999999999997  1.0305493011268958  0.010442670869559223
3.0034  1.029830695103819  0.010537592737593506
3.0549999999999997  1.0303886432538896  0.010660587321777146
3.1035999999999997  1.0300312031543872  0.01076753032332166
3.154  1.0336299975216001  0.010914838269269147
3.2037  1.0322712572086552  0.011005299248761972
3.2548  1.033822743705414  0.011128603888010595
3.3034999999999997  1.0343169607661877  0.011251885182369716
3.3537999999999997  1.0351297625691822  0.011377113344971603
3.4034  1.036797381811121  0.011519970909012455
3.4534  1.0354014986384525  0.011624922388769216
3.5046999999999997  1.0351837112336766  0.011754347598579079
3.554  1.0357874116518189  0.011876609248594659
3.6035999999999997  1.0370350973399818  0.012013153648803766
3.6538999999999997  1.0409723382706026  0.012192013222838399
3.7037999999999998  1.0424246476302519  0.012314201892006623
3.7538  1.0439342358212804  0.012440136054306954
3.8034999999999997  1.0463109611131851  0.012615315612920916
3.8535  1.0492312051862596  0.012775568104428802
3.9034999999999997  1.048937230953599  0.012900778597058269
3.9541999999999997  1.052090902304328  0.01308384573767504
4.0035  1.0506287118147024  0.013216762544888704
4.053599999999999  1.0467426264010338  0.01331083100990124
4.1034  1.0492746653090952  0.013501148609829004
4.1535  1.0508939253556402  0.01365949714293695
4.2035  1.0526758981335849  0.013836632883624942
4.2542  1.050922912950757  0.013980033344894083
4.3043  1.0500671934554733  0.01411299051311122
4.3534  1.0540238731114346  0.014327537491771857
4.4033999999999995  1.0510158318978242  0.014455918085930322
4.4551  1.0528797084472628  0.014655877499950197
4.5038  1.0576499165669742  0.014875835236683252
4.5534  1.058659293702009  0.015047127986252861
4.6037  1.058101121633929  0.015204422884254215
4.6533999999999995  1.0593825508715393  0.015398717908462409
4.7043  1.0588526346208418  0.015583161954654168
4.7536  1.0617144542011665  0.015811301211795664
4.8035  1.0616193933400961  0.016031864908123947
4.8541  1.0596612650153279  0.016182278494102764
4.906  1.0585136675756524  0.016372248550347874
4.954  1.0584853726568941  0.016548937702110855
5.0035  1.0631592942700232  0.016826859708915103
5.0538  1.068901779306726  0.017135910476553877
5.104699999999999  1.0700115291765575  0.017403738822986233
5.1535  1.0718873709456775  0.01768155606161278
5.203399999999999  1.0708154650721406  0.017881728315232392
5.253699999999999  1.069186490309126  0.018049358808389846
5.3037  1.0726090097908683  0.018376185823653978
5.3545  1.073026883000844  0.01860305209454873
5.4033999999999995  1.0770356647256998  0.018944991232199004
5.453399999999999  1.0763870075939932  0.01922732870552577
5.5043999999999995  1.079585714214521  0.019548219610651372
5.5538  1.0781729544078331  0.019787154040200292
5.6042  1.078861080184819  0.020051240322198727
5.6537  1.085252054470524  0.02040033968514819
5.705  1.0881305326159079  0.020734760754888084
5.7535  1.092380810911758  0.021073672638383525
5.8041  1.0938734473674334  0.021452623282798282
5.8541  1.0923290925937248  0.021781335568229903
5.9041  1.09427576408519  0.022134829437989015
5.9535  1.102911203145756  0.02260747554306823
6.0035  1.0993925305593029  0.022869296715434518
6.053599999999999  1.0988195805403655  0.023237558182321805
6.103899999999999  1.0968201592891675  0.023550799119204404
6.154599999999999  1.0853838599759391  0.023685017602014722
6.204  1.0832662955938794  0.023960439786042138
6.254  1.0873159554368348  0.02446652051891605
6.3039  1.084971045160879  0.02487785269258268
6.3542  1.0823964082834026  0.02524722142529625
6.4041  1.0786115634709859  0.025494033751081814
6.454  1.0809003463550837  0.0260779877063343
6.504  1.0820163279163948  0.0265810761872424
6.5537  1.0766632294366296  0.02700109140143225
6.6037  1.0672920548719176  0.027161867633930494
6.6544  1.0725608670832365  0.02790819185069713
6.7046  1.0742569649019384  0.028527917025553618
6.7538  1.0828374415033672  0.029602964703284114
6.8035  1.0874798737802323  0.030611989145739142
6.8538  1.0835106872166735  0.031369888676908514
6.903899999999999  1.0826044256667064  0.03213452371692755
6.9540999999999995  1.0841395245277885  0.033267710951354626
7.0043999999999995  1.08911342168287  0.03438924518996545
7.0557  1.0785163909435573  0.035346947045677986
7.1037  1.0907297543960799  0.036726781227400265
7.1594  1.0934965780535726  0.03781936996138571
7.2048  1.1024398949035399  0.03942317015548855
7.254  1.1100870951920596  0.041199196261650355
7.3042  1.1407427240026584  0.044269403246516875
7.353599999999999  1.1360301465914  0.04580915685727866
7.4041  1.1234604270459727  0.04713935235805089
7.4536  1.1253766429995602  0.04930364589246671
