7e-06  0.9093136077354536  0.002280859071602398
0.050007  0.9268545500907444  0.0025859544216338794
0.100009  0.9259257093719797  0.0026878766310979487
0.15001  0.9277052474839724  0.0028010863354541666
0.200023  0.9293441208439894  0.0028997860946436914
0.250011  0.9306617864183002  0.002979433725110449
0.300008  0.9339119896868803  0.0030587530369880936
0.350007  0.9363556260244265  0.0031294721065745434
0.400026  0.9381490809231435  0.003197426339569397
0.450013  0.9414070110426994  0.003274444313175883
0.500021  0.9440270997299479  0.0033457631563867593
0.550009  0.9453689302888395  0.003403184673798369
0.600039  0.9472024301402461  0.003460286348063734
0.650008  0.9503237977653791  0.003522908679248481
0.700061  0.9527706739070964  0.003580832618091787
0.750047  0.9541070724151477  0.003634383752048611
0.80003  0.9565836271307625  0.0036959359588647775
0.850051  0.9586129059850153  0.0037568405174839515
0.900027  0.9611296906475182  0.00381644144054806
0.95006  0.9640205105779428  0.003880843197521566
1.000018  0.9652436220195204  0.0039382611367917856
1.050035  0.9665621075974755  0.0039935468949270515
1.100056  0.9687756804152637  0.004055514213713822
1.150193  0.9703558189956281  0.004109722269812418
1.200055  0.9725056664736619  0.004169621969990104
1.250097  0.973128428457737  0.0042217855100536725
1.300028  0.9741618310237065  0.0042769199880412535
1.350055  0.9751842227677914  0.00433385248717737
1.400096  0.9759018413700858  0.004391412274134681
1.450015  0.9772428505620587  0.004449373381298503
1.500018  0.9785625754452851  0.004508930472342456
1.550034  0.9801035469688182  0.004572590246643079
1.600029  0.981954598704782  0.004638833474374633
1.650021  0.9836257536032924  0.00470558929550352
1.700056  0.9848233062277336  0.004770980559320512
1.750022  0.9854894245676146  0.0048346657508677796
1.800184  0.9870121090918482  0.004906501953809659
1.850024  0.9877222560257377  0.004973674943392651
1.900012  0.9898148265222847  0.005047907991353044
1.950023  0.9908947915442203  0.005122425538437067
2.000016  0.9913750985147349  0.005190445541961963
2.050086  0.9923061988294537  0.005260320665765944
2.100021  0.9933410605274924  0.005338306394664691
2.150096  0.9945397374242315  0.005409823105405001
2.200084  0.9955457622033042  0.005483706657350777
2.250167  0.9958416683168526  0.005557380609490833
2.30003  0.9959757122421652  0.005630217182365603
2.35019  0.9948211615334687  0.005699319992174914
2.400065  0.9962043433353376  0.0057826086161087914
2.450013  0.9976068699553098  0.0058715272784998765
2.50003  0.9973012418970533  0.0059464385208736524
2.550027  0.9980866129093734  0.006027572249630227
2.600045  0.9987106517023151  0.006110065087898876
2.650177  0.9989168588525559  0.006191686285428526
2.70011  0.9989702342017506  0.006278115099944253
2.750158  1.0014585302246934  0.006377552552963593
2.800069  1.0018840730634666  0.006464575494789574
2.850043  1.0017959758243218  0.00654126229680743
2.900458  1.0043888353909654  0.006642556672077272
2.950232  1.0051925344156754  0.006742008434384961
3.000166  1.0040517094557484  0.006828230110951805
3.05008  1.0055656579991765  0.006941376460340713
3.100049  1.0055180090411246  0.007040034210958917
3.15024  1.0044289791083907  0.0071358237451265814
3.200039  1.0037215924067242  0.007230755533002919
3.250087  1.0035169699426587  0.007334913549428388
3.300038  1.0034732595478382  0.0074400784865976495
3.350032  1.0043190136029922  0.007563895647189381
3.400017  1.004777522582391  0.007682153547602507
3.45022  1.0049835143531856  0.007797367013639518
3.500171  1.0058913925121538  0.007917214664216127
3.55013  1.0069940629514564  0.008041554925876193
3.600334  1.0084261853208474  0.008173503547710296
3.650166  1.0082598358829085  0.008290365900686523
3.700045  1.01074386271769  0.008442823556605545
3.750207  1.008620994378558  0.008552550805070362
3.800275  1.0085352703311572  0.008676876505948292
3.850045  1.007920014314338  0.008804222049719338
3.900048  1.0075790260284305  0.008937651751359427
3.950185  1.0081485862638762  0.00907395432624948
4.000085  1.0098991282453453  0.009231777989417057
4.050075  1.01218542918525  0.009393048560980603
4.100052  1.011713364704028  0.009535558920323373
4.150122  1.0112717479977076  0.009684005769751834
4.200029  1.0121292047060775  0.009855337091993816
4.250147  1.0107193457044794  0.010007122234697815
4.300195  1.0114045559105445  0.010197496616759246
4.350049  1.0113031491941131  0.010380122883252454
4.400453  1.012458003551816  0.010567096592128695
4.450017  1.0090381500931822  0.010709630237742199
4.500082  1.0090398379806735  0.010887087943613519
4.550214  1.0045624724811584  0.011011259630670144
4.60033  1.007374050718478  0.011251538362666957
4.650133  1.0083463590122272  0.011467369639218702
4.700075  1.0078773918484916  0.011638741611850342
4.750038  1.0059722435444076  0.011802341823110133
4.800041  1.0048826445460781  0.011993523473725448
4.850227  1.0056995363262762  0.012196795138227976
4.900164  0.9996839115020669  0.012334259232595936
4.950117  1.000184639445993  0.012566284007702018
5.000499  1.0049343757673495  0.012837436963566996
5.050855  1.002035811270261  0.013025540765947556
5.100445  1.0022230925585645  0.01328876469423488
5.150027  0.9990596636057263  0.013487266682841332
5.200028  0.996652714309014  0.01369007788984778
5.25014  0.9957189503576023  0.013931931431448424
5.301935  1.0007953354006913  0.014281055450100383
5.350051  0.9996359131034414  0.014524131018339924
5.400447  1.0022364513662887  0.014836961153538001
5.450234  1.0030001057999685  0.01513283780163238
5.500392  1.0006861275001966  0.015437247075828822
5.550363  0.9993257661981372  0.01570095119489458
5.600062  0.9987856693147565  0.01602009296967459
5.650661  0.9960079364679163  0.016256073898722072
5.700083  0.9982777301603492  0.016594229468508706
5.750042  0.9981132873495592  0.016956187787809284
5.800333  0.9963471559878793  0.01724258898443717
5.850151  1.0017600019879538  0.01770048710357107
5.900065  1.002429970612703  0.01808309494544331
5.950188  1.0045278676110492  0.018586439867237788
6.000137  1.0029194991327552  0.01894325154435402
6.050184  0.9987982759010116  0.019293471906000337
6.101059  1.0030173065793606  0.01975071196755121
6.150369  1.0134569473457973  0.02044573492360511
6.202257  1.012798106883086  0.020879106873318086
6.250229  1.0106640424682731  0.021264182900605815
6.300727  1.0108158462129315  0.02177451068392671
6.351858  1.0117181681988325  0.022334224166832135
6.400351  1.0101074939681682  0.022921497127629163
6.450899  1.0066427332582621  0.02337240514068239
6.500173  1.0111634121278805  0.024116368504014937
6.550347  1.0066840609304237  0.024730445400581568
6.600568  1.0078040010441498  0.025370123349292166
6.650967  1.016686380236979  0.026329837814329342
6.700113  1.0109245121619108  0.02693166666722765
6.750032  1.007509558061083  0.027678416215792964
6.800036  0.999929335164559  0.02841901277337829
6.850904  0.9970139440000675  0.029185410373839774
6.9001  0.9959072603030829  0.029959720638651766
6.951213  0.9937932227617045  0.030995559014254336
7.001224  1.0005662551064423  0.03232682835963092
7.051163  0.9961642781306551  0.033187043809741634
7.100358  1.0081192619098616  0.03470089606163893
7.150275  0.999575643844631  0.035653682467529646
7.201591  0.9942787401615042  0.03679990718304904
7.254139  0.9898362006757233  0.038212202703089275
7.300252  0.9849662007632143  0.04027826323681855
7.351187  0.9916852904908677  0.04267534016388884
