-0.42134  0.9117656325328527  0.03525089592025877
-0.37196999999999997  0.9034112922759084  0.028286904803189978
-0.32131  0.9058460686643087  0.023690854067041224
-0.27142  0.8985560454168211  0.01947409748555738
-0.2213  0.8853143310102128  0.015754021418232372
-0.17121999999999998  0.8912924521567164  0.0130230223397145
-0.12121  0.910391670493768  0.011018267809943146
-0.07121  0.9142136640922112  0.00886834066941207
-0.021203  0.9421228200992803  0.006732884737028807
0.028804999999999997  0.9237754247214127  0.002799692271799896
0.078813  0.9294357385851995  0.0029652843787057563
0.1288  0.9347389615077715  0.0030938733352758314
0.1788  0.9388831133955078  0.003186575028446786
0.22882999999999998  0.9401774943225863  0.003252897761321387
0.27881  0.9442352812883795  0.003323639101702431
0.32881  0.947724469351304  0.0033905519451600872
0.37879999999999997  0.9497482543134997  0.0034480947098063965
0.42879999999999996  0.9513298737798086  0.003502392001995446
0.47884  0.9535297871720902  0.0035565607410441326
0.52882  0.9553550093715654  0.003606628627762294
0.57882  0.9560955496081244  0.0036506292516936853
0.62888  0.9572217240378411  0.003697352820892913
0.6788  0.9584140773880965  0.003742577386354357
0.72883  0.9600142141812762  0.003787340377724753
0.77882  0.9609925623672618  0.003830297508882084
0.8288599999999999  0.961505987687576  0.0038710655777804376
0.8787999999999999  0.9632570709484789  0.003918107840065128
0.92884  0.9632049620436629  0.003957010513408549
0.9788199999999999  0.9647863552077496  0.004003021667177743
1.0288  0.9655490165567867  0.00404516247846687
1.0788  0.9672174777182309  0.004091772519981999
1.1288  0.9680272634694113  0.004136075590278592
1.1787999999999998  0.9698555028892996  0.004185820065934102
1.2288  0.971092050752742  0.004230023016501557
1.2788  0.9718792986281012  0.0042737416575388
1.3288  0.9722244414842728  0.0043143553276949655
1.3788  0.97243759398241  0.004354843355850808
1.4287999999999998  0.9732178307968548  0.004397402647184329
1.4788  0.974855568412043  0.0044432501725156
1.5288  0.9755107785069166  0.004484407967109666
1.5788  0.9756035430883421  0.004523912600978255
1.6288  0.976876390099508  0.00457293832734915
1.6787999999999998  0.9779253085633727  0.004616708888506536
1.7288  0.9786094809966529  0.0046570364700614635
1.7788  0.979308486026711  0.004697963465009902
1.8288  0.9794836597683783  0.004741164128677917
1.8788  0.9802565582898726  0.004785213479140419
1.9288999999999998  0.9801013435345168  0.004828144017669956
1.9791999999999998  0.9816969390634025  0.004879778437641993
2.0288  0.9814090791217486  0.004917629689815964
2.0787999999999998  0.9828329830533182  0.004969955176886655
2.1288  0.9839486094941038  0.005020799486989433
2.1789  0.9839206697419675  0.005065031521814844
2.2288  0.9845410872781476  0.005113964411535421
2.2788  0.9858885102155602  0.005167317922453022
2.3287999999999998  0.9867307664034782  0.005214742828830691
2.3788  0.9886991972572059  0.005271357084337005
2.4291  0.9890314036990239  0.0053176037017718105
2.4787999999999997  0.9901305035058102  0.00536839465470003
2.5288  0.9919023483003793  0.0054248500644881025
2.5787999999999998  0.9922064260682547  0.005479295274756863
2.6288  0.9937169268782333  0.005533559211907463
2.6788  0.993527560875269  0.005586113151406852
2.7287999999999997  0.9942310628615811  0.005638764427228817
2.7788  0.9953852424198547  0.005695825574289642
2.8287999999999998  0.9951744191181962  0.005741433345908078
2.8788  0.9951116222961505  0.005792389559757125
2.9288  0.9953692537705423  0.005843599163231861
2.9787999999999997  0.9955902173038571  0.005895919536486501
3.0288  0.9971626972349638  0.00595620955885613
3.0791  0.9968426203203363  0.006007801913839582
3.129  0.9982655234357722  0.006071092108061404
3.1792  0.9981445581397399  0.006121397873081343
3.2287999999999997  0.9986872161919123  0.006178760210058562
3.2790999999999997  0.9992740740259056  0.006236212944233115
3.3287999999999998  1.0008844391762526  0.0063033536712031385
3.3788  1.0025764321477726  0.006373566739786141
3.4288  1.0024052759970457  0.00643030053436167
3.4795  1.001011899129147  0.006481791371170242
3.5288999999999997  1.0007663075104287  0.006535932481568945
3.5787999999999998  1.0006169596796406  0.006597442591648602
3.6288  1.0016189342677226  0.006666948883217857
3.6788999999999996  1.0031989915056856  0.0067435187257122425
3.7289  1.0031858425492841  0.0068069331283464735
3.7788999999999997  1.00355086661086  0.006875248958653912
3.8289  1.0046965078505192  0.006946972443280788
3.8789  1.004198128674099  0.007006450293323356
3.9288999999999996  1.0051184572257452  0.0070784745193015865
3.9789999999999996  1.0059920114977876  0.007153972512279533
4.0287999999999995  1.0063641016232592  0.007226018161733707
4.0788  1.0057793256754564  0.007297842518200691
4.129  1.0052222496448335  0.007369062569011986
4.1789  1.0058057512038487  0.007446328315338758
4.2288  1.0053037731751873  0.007515882894800179
4.2789  1.0059105260770975  0.007596809505082805
4.3288  1.0057439303521805  0.007672518163742137
4.3788  1.0070254374481498  0.007758064318635393
4.4289  1.007367538471806  0.00783949544333853
4.4788  1.0068254669298138  0.007919416894314439
4.5291999999999994  1.0086624250163696  0.008023471829887937
4.5788  1.0092417255278954  0.008119005726262184
4.6288  1.010971967519912  0.008222002036527483
4.6792  1.0098630554325372  0.00830354829297523
4.729  1.0093058012280183  0.008383273974903318
4.7789  1.0106943606747767  0.008480065826203254
4.8290999999999995  1.009267516810397  0.008556802561434708
4.8792  1.0098189374364424  0.00865022588529018
4.9291  1.0115811253385738  0.00875475142248893
4.979  1.0128745033950768  0.008871562596842289
5.0287999999999995  1.0110193582145284  0.008953035760691662
5.0790999999999995  1.011110426818424  0.00904799066684852
5.1289  1.0129048726914078  0.009173041819873473
5.1791  1.0106830096451813  0.009260248102953868
5.2288  1.012482644898733  0.009377251459374044
5.2789  1.0129965988052798  0.009485918365967348
5.329  1.015044330709389  0.009630904454268273
5.3788  1.013606770790564  0.009760668504099927
5.4292  1.0135345450248125  0.00988496699186175
5.4788  1.013974632588834  0.010005570773220396
5.5287999999999995  1.0109035165230547  0.010106508853766575
5.578799999999999  1.0081936810444885  0.010239823323158577
5.6288  1.0112604983481674  0.010411543244117262
5.6789  1.0117415064394977  0.010569409485772093
5.7288  1.0115255761530477  0.010719741002987504
5.779  1.0148336097492052  0.010922296742848529
5.828799999999999  1.014494858525805  0.011085555038179757
5.8788  1.0152158769566093  0.011242762787129315
5.9288  1.0153072412814994  0.01140003358696785
5.9788  1.0163800852853166  0.01156471712833874
6.0287999999999995  1.0166866608898375  0.011749089381149288
6.079  1.0165738849195773  0.011921801225092763
6.1288  1.0195441705060277  0.012132273417854885
6.1788  1.0221074484378179  0.012364906673428521
6.2292  1.025115662046272  0.01260303436868086
6.2794  1.027267054477772  0.012848871236609886
6.328799999999999  1.031209782212744  0.013130305826020726
6.379099999999999  1.0306167389741856  0.0133621150691609
6.4289  1.0333142412484762  0.013678185166891519
6.478899999999999  1.0326853630398487  0.013920930494757129
6.529  1.032605652384892  0.014204043778672947
6.5789  1.0347930944214911  0.01448148559511762
6.6289  1.0374493656549761  0.014795062541079382
6.6788  1.0403478634887393  0.015133233076531314
6.728899999999999  1.0398160721628207  0.015466331288444574
6.7787999999999995  1.0376797744231578  0.015747747488293867
6.828799999999999  1.0316639357818682  0.01607663226551857
6.8789  1.0262310152157248  0.016392964720180894
6.9289  1.0259354779479601  0.016740069496882795
6.979  1.020904038898285  0.017127237428448107
7.0287999999999995  1.0258196211326664  0.01765246956377381
7.0789  1.0292074048109805  0.018305881817510382
7.130199999999999  1.0279434924049478  0.01882415204091766
7.178999999999999  1.0263611544317945  0.019434615347154384
7.2288  1.0274435463869245  0.020042195224731073
7.2794  1.0199257752770365  0.020534493379483033
7.329199999999999  1.0126488825666042  0.02108770105749928
7.3788  1.0123979615128103  0.02194135435095138
7.4296  1.0100678500844693  0.022902914148435854
7.4788  1.0266336402362446  0.02484114201895806
7.5291  1.036811788692476  0.026437583647344408
7.579  1.031200182457867  0.027819518876064944
7.6288  1.0353096337175987  0.03002474501857038
7.6789  1.046452256585467  0.032911209345846716
7.7288  1.0213908709743333  0.03534668862535913
7.7791  1.0122428246985617  0.03856338036288651
7.828799999999999  1.0073458920188505  0.04421757700201581
