0.0  0.9100340096124553  0.00227633735406139
0.05  0.9291494674223757  0.0029786399072649025
0.1  0.9406127867276393  0.0033542226491279055
0.150014  0.9461004033292183  0.003667138465666375
0.200001  0.9531883671826138  0.00397590011705096
0.250032  0.9573935424540141  0.004245365877040951
0.300021  0.9598857855088404  0.004499124122574896
0.350003  0.9640869303480124  0.004750234260441091
0.400004  0.9675245763616922  0.004996608546734391
0.450003  0.9696927894439575  0.005251565890259691
0.500004  0.9730500849213664  0.005503874161296286
0.550099  0.975021154701701  0.005746165386371626
0.600002  0.9758255385272039  0.005987223137568267
0.650029  0.9758418944320096  0.006215553467719807
0.700026  0.9766343010342862  0.006441976954962429
0.750043  0.977559061369068  0.0066665873968960055
0.80004  0.9777635561027744  0.0068918137787023215
0.85001  0.9796157537712188  0.007126221696592243
0.900085  0.9802619599199501  0.007357300677384438
0.950049  0.9801260100464788  0.0075580133088191705
1.000004  0.9775266006595904  0.007772603736423563
1.050043  0.9782658709806519  0.008002191546280383
1.100012  0.9794436047783085  0.00825338007588809
1.150012  0.9810230829198163  0.008485520711208517
1.200066  0.9837625436597002  0.008740844570417676
1.250122  0.9840110333649621  0.008976021170202669
1.300055  0.9883923749083011  0.009244986282929512
1.35007  0.9871402049397447  0.009473793661732094
1.400002  0.9917675995885121  0.009743837630802357
1.450048  0.9920743656615922  0.010023510271700708
1.500024  0.9950271505521063  0.010283179563898395
1.550043  0.9973370901352554  0.010562854477470657
1.600272  0.997226505059133  0.010842621576533215
1.650048  0.9959352760444045  0.01112655310429656
1.700076  0.9974627521493826  0.011447709161120182
1.750055  1.0018106388222372  0.011833601417740144
1.800096  0.9993992238114531  0.012135568195042792
1.850171  1.0043019491533693  0.01259121017111889
1.900017  1.0040255199241652  0.012954359219322708
1.950018  0.9983859004624374  0.01327410809045163
2.000062  0.9988600006345489  0.013656132790032477
2.050049  0.9952815249955491  0.013986179380538005
2.1001  0.9953993698943097  0.01433751358376786
2.150448  0.9932968668882297  0.014711070253965317
2.2001  0.9934799785535495  0.015125824213352197
2.250243  0.9989690079807833  0.015649058294301032
2.300301  0.9991492897698264  0.016081876833857575
2.350021  0.9997795406064219  0.016537145766422772
2.401523  1.004594565560502  0.017110794787938196
2.450405  1.0060761870096508  0.017574891358011845
2.50048  1.0006464595642315  0.018021623018403772
2.550061  1.0029953738135697  0.018621946109404326
2.600036  1.004710903789691  0.019180020279270512
2.650173  1.0149146498745873  0.01985453940514496
2.700123  1.018703705230383  0.020501580405647927
2.750082  1.0112468409052169  0.020972282509349068
2.800118  1.0061037769662806  0.021528633395378957
2.850273  1.0000042623962662  0.02203272637377193
2.900163  1.0083817300584716  0.022977185324558468
2.950579  1.003577346456557  0.023727155649500897
3.001125  0.9929662687151023  0.024305598932927205
3.050481  0.9890177281966281  0.02502439356242692
3.100037  0.9999766190072268  0.02625162183380255
3.150455  1.0073280728586214  0.027436328317574688
3.200138  0.9979332000669131  0.02823711042158174
3.250185  0.9996215001783612  0.029502895736026217
3.300416  0.9904431721936561  0.030378262474876745
3.350083  0.9844998707919511  0.031226439739783052
3.400018  0.9952888078410762  0.03249733154558868
3.450491  1.0004157360369932  0.03409407707578774
3.50022  0.9952114789432278  0.03509840267623787
3.550366  0.9963817646794163  0.036727119115350385
3.600068  1.0035076428293879  0.038768882529197024
3.650804  1.0217999447782349  0.041202950544533705
3.700063  1.0289943333302063  0.04325185790297913
3.750562  1.0288935663284233  0.045560172898844356
