2.1e-05  0.9005254321973676  0.002364243528849037
0.050026  0.9154151339607033  0.002615963017837239
0.100021  0.9165540946737735  0.002681943935373056
0.150022  0.9159203000484734  0.0027356753926700197
0.200023  0.9155207481292489  0.0028044825735214943
0.250028  0.9157644751225862  0.002868452700867483
0.30005  0.915678355270271  0.0029302344994613203
0.350043  0.9154959956397924  0.00298611399665059
0.400054  0.915519959450936  0.003037858244076091
0.450035  0.9164766488096986  0.0030878109563667387
0.500048  0.9165781223530646  0.0031335134346953683
0.550072  0.9172220221267151  0.0031793220794231716
0.600046  0.9186489899561339  0.0032239649203788636
0.65005  0.9204101423617888  0.0032641120360786405
0.70003  0.9212119538514194  0.0033015380762973024
0.750052  0.9226952441945677  0.003342945118653717
0.800026  0.9241404310534821  0.0033856295180538973
0.850024  0.9258550931129431  0.0034280115680139617
0.900027  0.9269405531459616  0.0034677010415916534
0.950219  0.9280850372282944  0.0035073056636391385
1.000074  0.9291860722537187  0.003544911186505128
1.05005  0.930129188914675  0.003582484591770532
1.100153  0.9314397043990835  0.003618558393682076
1.150044  0.9320610377459464  0.0036529510531585346
1.200046  0.9330030875684967  0.0036882490486270752
1.250033  0.9336182914307912  0.0037219882248686474
1.300079  0.9348991159393705  0.0037583143809802786
1.350037  0.9355792758549635  0.003793058664014344
1.400051  0.9358748591327368  0.003826565018235581
1.450108  0.9367429636748452  0.003862800106556737
1.500086  0.9374882173062157  0.003897481922423059
1.550115  0.9372955639650268  0.003926174632607136
1.600068  0.9380600443786946  0.0039596809954678906
1.650038  0.9385319164298958  0.003993174418817124
1.70013  0.9391752138170055  0.004027791266631414
1.750256  0.9394356731810937  0.0040591074416868565
1.800088  0.9398383516315145  0.0040918267138708355
1.85006  0.9392651398561095  0.00411799991778395
1.90004  0.9402377442951825  0.004153640284919269
1.950052  0.9418372669370584  0.0041939454273713
2.000111  0.942622651992489  0.004231263871242471
2.050062  0.9436478835160166  0.0042696813809455355
2.100048  0.9443047502389247  0.0043062857859146346
2.150188  0.9446172156362632  0.0043415192353289216
2.200118  0.9452026457973303  0.004378284849853581
2.250037  0.9456479525125365  0.0044153979383766495
2.300088  0.9469326285750582  0.004454341352437221
2.35006  0.9478833475759046  0.004491480703405031
2.400119  0.9495223524909521  0.004536009565291953
2.450046  0.9502673227991991  0.004575472276910392
2.500033  0.9509907451109877  0.00461385126679104
2.550094  0.9513993537181674  0.004650665681864976
2.600314  0.9515514119008834  0.004689551136755184
2.650105  0.9520257844212473  0.004728378077550053
2.700048  0.9536055818757616  0.004775016485126774
2.750074  0.9542424780326564  0.00481602939140262
2.800101  0.9552208607242733  0.004857104060418383
2.850147  0.9570479176340223  0.004905487520049221
2.900176  0.9590893248354209  0.004957013918796106
2.950107  0.9594414283758199  0.004998311212611781
3.000061  0.9593671232199844  0.0050399553788909495
3.050119  0.9594126180875681  0.005079528893907427
3.100175  0.9597315083941673  0.005125808522044604
3.150106  0.9599549899588642  0.005170472454259752
3.20023  0.9609543645556371  0.005219187684053192
3.25003  0.9621563653929562  0.005267446008826517
3.300131  0.9632784828757195  0.005317275803276368
3.350022  0.9648260942261532  0.005376264741464933
3.400045  0.9646456398941278  0.005425954747907281
3.450041  0.9653673486763364  0.005479737241057664
3.500078  0.9662576531091446  0.005531415210009837
3.550087  0.9668068527108515  0.005581955000028468
3.600055  0.9677952457139061  0.005640364956698747
3.650169  0.9691008646561101  0.005694881598741995
3.700178  0.9694740374955289  0.005747914686967796
3.750185  0.9693149476212516  0.005797840115793111
3.800201  0.970542499082788  0.005853336494878858
3.850178  0.9703677378271656  0.005904158100429173
3.90008  0.9705287187211447  0.005961460621995619
3.950194  0.9719207357648614  0.0060295680523789145
4.00014  0.9735525331753472  0.006097220245214702
4.050047  0.9747948592049158  0.0061580048656838075
4.100065  0.9750297977975511  0.0062171947970336575
4.150024  0.9741753562466008  0.0062748245729323665
4.200032  0.9725699065624943  0.006325933902650441
4.250129  0.9721921039495064  0.006386471208644599
4.300102  0.9723910481295254  0.006450435042107662
4.350022  0.972447377568707  0.006518423201812984
4.400155  0.972488405873  0.006583955949034586
4.450097  0.9727698655094614  0.006658435581638683
4.500071  0.9749838692922626  0.0067420079734730656
4.550027  0.9766572726242166  0.006820438567754404
4.60022  0.9773242838261597  0.006894028487625581
4.65016  0.9771191346255319  0.006957448832970486
4.700549  0.9782666124226669  0.007033885844169374
4.750053  0.9801913076355453  0.0071193033244189964
4.800287  0.9795100355468538  0.007188108630849287
4.850046  0.980102143091687  0.007272796899555926
4.900065  0.9813691308053215  0.0073656104858213466
4.95054  0.9828163641478501  0.007458860813349614
5.000229  0.98376018184231  0.007538226210813972
5.050022  0.9827532481560377  0.007612982990081858
5.10044  0.982023908139465  0.007696528127572859
5.150118  0.9834986155415709  0.007793282102921358
5.20003  0.9836284076986507  0.007878613487563474
5.250159  0.9831891010463969  0.007965289659217613
5.300237  0.98510196228046  0.008078949769896114
5.350131  0.9873798807570507  0.008187049398688749
5.400023  0.9883697796697495  0.008288088689892613
5.450151  0.9905515778545194  0.008411436634281294
5.500179  0.9910591868456669  0.008510787497191988
5.550026  0.990402176249438  0.008615450712171987
5.600318  0.9884450099234883  0.008708175142682609
5.65022  0.9896127426806641  0.008829495392895655
5.700065  0.9898535104761931  0.008944500006300217
5.7501  0.9898417907851503  0.009059411741078102
5.800202  0.9917337342584628  0.009198110136262554
5.850151  0.9919445310011373  0.00932977806387044
5.900258  0.9929982794812333  0.009463566462783537
5.950097  0.9919782966420837  0.00959609603172347
6.000073  0.9911602198571581  0.00971912558105493
6.050402  0.9917776763505473  0.00986953395384811
6.100043  0.992867807055839  0.01002436624848568
6.150408  0.9929284588797448  0.010191523111208986
6.200332  0.9934996943403229  0.010350639960972657
6.250325  0.9953085427436011  0.010536053102438703
6.300062  0.9961340335805201  0.010728498770413633
6.350121  0.9997421701826897  0.010958423095799735
6.400098  1.0005086297866028  0.011160248239115218
6.45021  1.0001366315490143  0.011345427888844992
6.500195  1.0006751219803884  0.011554801020934778
6.550101  1.00114299697986  0.011773265367055138
6.600687  1.0020592703103455  0.012030294596055114
6.650083  1.0026569395600762  0.012290748559076702
6.700169  1.0001795126832147  0.012535585899888234
6.750058  0.9965963588322506  0.01274028283592195
6.800119  0.9975142460622074  0.013048602553259299
6.850181  0.9963334674286496  0.013336709992357431
6.900029  0.9969482488673789  0.013685103019081522
6.950181  1.00071361466269  0.01406807095059594
7.000041  1.0066248216560767  0.01450823535581152
7.050121  1.0045144205138596  0.014843059785757041
7.100032  1.0057004131788865  0.015308333343519083
7.15053  1.0051158289485145  0.015764704606855685
7.200039  1.0022541420301418  0.016239489524292397
7.250176  0.9987582869398957  0.01676987407681793
7.300264  0.9931719873660608  0.017302017710089716
7.350113  0.9910364375986058  0.017924287580339704
7.400305  0.9953831571977682  0.01877413191177035
7.450957  0.9914594932677613  0.019595438790765644
7.50013  0.9922109178461612  0.020644197800129584
7.55019  1.0054233914500639  0.022353783664739613
7.600212  1.0110848711638993  0.023818270259755844
7.650276  1.010298527133472  0.02556284608227152
7.700442  0.9976027724456322  0.02755220122264238
7.75004  0.9944132471252697  0.030175327237705298
7.80091  1.0124895242382828  0.03426757852244343
7.850422  0.9828486064964757  0.038344576141488604
