-7.4971 0.9897077995777388 0.04282884516944984
-7.4487 1.0016703000978615 0.041413969939510346
-7.3971 1.0077311895664232 0.03995914089316418
-7.3473999999999995 1.0061275627401223 0.03821962568059829
-7.2974 1.0082025140479116 0.03711244740626927
-7.2482 1.0101528134348126 0.03584898191575044
-7.196899999999999 1.0117155224220118 0.034660802676041276
-7.147399999999999 1.0077316364509057 0.03364717999192747
-7.0969999999999995 1.0164723491220753 0.03297871780294153
-7.047 1.0149761890367965 0.03173350456745377
-6.9978 1.020405799925169 0.030850645647318643
-6.9468 1.0171578657514921 0.029775079782569533
-6.8972 1.0124692400573303 0.028717476438338708
-6.8473999999999995 1.0039904136033866 0.027739199130520534
-6.7981 1.006373745011224 0.027189361845273666
-6.7473 1.0043755754775439 0.02654144930399088
-6.697299999999999 1.0098225904675493 0.026187232116120226
-6.646999999999999 1.0149772940105293 0.025689454078225232
-6.5968 1.0068639521615177 0.024977220614759068
-6.547 1.00118300093482 0.024260857287745994
-6.4985 1.0052785370920962 0.023887853656373453
-6.447699999999999 1.0034142371667847 0.023494588441736984
-6.3984 1.0052391329701076 0.023165635940003378
-6.3475 1.0061475097957944 0.022755599198190417
-6.297 1.0091844972646564 0.022332775568724005
-6.2482999999999995 1.0126985725637452 0.022036024212697243
-6.1972 1.0203847833308917 0.02174479492410089
-6.1471 1.0198604460668435 0.021353944318195935
-6.0985 1.0199521626866952 0.021044484641613476
-6.0474 1.0139206845216469 0.020526224275110843
-5.9973 1.0079774282193783 0.020059500559410026
-5.9468 0.9988980698055717 0.019533736604176306
-5.8967 0.9986029635916147 0.01922168289533005
-5.8469999999999995 0.9997039363874093 0.018974121239504413
-5.7969 0.9980031416298866 0.01866486403912051
-5.7469 1.0013155661187074 0.01845449072461131
-5.6974 1.0015599620251263 0.01817117748221386
-5.646999999999999 1.004394092715274 0.017990189939665318
-5.5969 1.0029806263286078 0.017724821915243185
-5.548 1.0044947179113672 0.01752588551567727
-5.497 1.006474841435446 0.017337559838114754
-5.4475999999999996 1.011422358548086 0.01719966766470947
-5.3975 1.0134769055518391 0.017012214779417265
-5.3472 1.015038751596845 0.016819483381157355
-5.2977 1.0188152494396547 0.016619465370119678
-5.247 1.0210787659214917 0.016419962418269006
-5.1982 1.0266737329395716 0.016306682975516348
-5.1472 1.025124153365343 0.016056814072787282
-5.0973999999999995 1.0263987691874004 0.015898357824736836
-5.0466999999999995 1.027678376962995 0.015730590057615557
-4.997 1.024264606971068 0.015480118736092032
-4.946899999999999 1.0263587617307732 0.01529325757662366
-4.8972999999999995 1.0252587447293602 0.015090394106526829
-4.846699999999999 1.0281296092798087 0.01494759742132552
-4.7978 1.0246979132247065 0.01471228788582904
-4.7471 1.026355057493462 0.014579142398216545
-4.6967 1.0258083635885253 0.014408046120761325
-4.6472 1.024849831199138 0.014243645340577654
-4.5969 1.0244490651619018 0.014069235810324366
-4.547499999999999 1.0242568928161797 0.013903655052607595
-4.4973 1.025278013513747 0.013747576720820257
-4.4467 1.0277164489622235 0.013618411203194796
-4.3969 1.0282443778464798 0.013493370040744654
-4.3473999999999995 1.0350945511792227 0.013417915337520172
-4.2966999999999995 1.0316291598196878 0.013212990725635415
-4.2467 1.0316705147660175 0.0130351233143693
-4.1971 1.0295273941138872 0.012874122363073118
-4.1475 1.029574314788735 0.0127234053711397
-4.0968 1.030848355853259 0.012607938356978446
-4.0468 1.0313641499465018 0.012481456719184464
-3.9972 1.0305797209024696 0.012342493387480344
-3.9467999999999996 1.032731059592369 0.012241616099964239
-3.8968 1.0274023347581203 0.012037208143318703
-3.8468 1.0273839012047117 0.01190055444462325
-3.7971999999999997 1.0245224372817219 0.011743582768312017
-3.7468 1.0251192899395358 0.01162658410775418
-3.6967999999999996 1.0261670942330383 0.011506024404502952
-3.647 1.0256903350811513 0.011381113925427564
-3.5967 1.0276472487785229 0.01126835999545377
-3.5467999999999997 1.027190559642016 0.011140135391428807
-3.4966999999999997 1.0256352348750286 0.011004188508512569
-3.4467 1.0259386454461819 0.010884716307821254
-3.3967 1.0275712392575633 0.010789673345820882
-3.347 1.0279873136089368 0.010685038272496483
-3.2973 1.0292585149187892 0.010596843795399007
-3.247 1.0274371432218437 0.010462830232559284
-3.1967 1.0267013228923532 0.010339645860187284
-3.1467 1.0257710919330352 0.010225042967195334
-3.0968 1.0251322576165178 0.010109274324407877
-3.0467 1.0248694951707926 0.010007422312834106
-2.9968 1.0252692044792204 0.009902401250574245
-2.9473 1.026316169307479 0.009815927897300191
-2.8975999999999997 1.0275411676051485 0.009723251693175427
-2.8468 1.027778117953236 0.009624335695431105
-2.7967999999999997 1.0250272445085014 0.009494249478643494
-2.7468999999999997 1.0237739040948837 0.009396772137119223
-2.6968 1.0226591591577283 0.009289610811700178
-2.6467 1.0209818864593603 0.0091701671825912
-2.5968 1.0209192798049993 0.009068123400250696
-2.5469999999999997 1.0206598634008708 0.00895694814336518
-2.4966999999999997 1.0215163052648646 0.008869013310368915
-2.4467 1.0207526669839522 0.00876836917839438
-2.3969 1.019797093548566 0.008671041798824374
-2.3467 1.0198040680712737 0.008579481211550461
-2.2967 1.0194673172923148 0.008487019318807843
-2.2468 1.0189162903160427 0.008381388680138374
-2.1967 1.018561352192364 0.008286191411770796
-2.1468 1.016960307166782 0.008178188650416907
-2.0967 1.0165293413852636 0.008079916970161445
-2.0467 1.015192377929706 0.007970202938110509
-1.9967 1.012280340061486 0.007853980905578628
-1.9466999999999999 1.0114301303827482 0.007763025193562108
-1.8968999999999998 1.010745397840204 0.007672589727414391
-1.8467 1.010189339530731 0.007588761820290441
-1.7967 1.0099044048427956 0.0074986928949596805
-1.7467 1.0095850635230708 0.007416205764932205
-1.6966999999999999 1.0089121617842904 0.007329648187693034
-1.6466999999999998 1.0093256050065322 0.007242057289690571
-1.5967 1.0087301685964865 0.007155554492732203
-1.5468 1.008981302043384 0.0070778262093441026
-1.4967 1.0074244091450975 0.006984559907922037
-1.4466999999999999 1.0070751285073625 0.006903931411723452
-1.3966999999999998 1.0065254319397137 0.006822529417774214
-1.3468 1.0047654828346868 0.006738083281038725
-1.2968 1.0043313407334902 0.006658944658052709
-1.2467 1.0036525613497336 0.0065720445958592786
-1.1967999999999999 1.0019184630123086 0.006486709730842143
-1.1467 1.0008607646438306 0.006402894997179479
-1.0967 1.0006837701960414 0.006324075390477488
-1.0467 1.0008647544293947 0.00624492398921273
-0.9966299999999999 0.9987458712799978 0.006158882147864517
-0.9467599999999999 0.9979604792756653 0.006077334357013097
-0.89662 0.996709657336548 0.005989729204378261
-0.84673 0.9941735434829795 0.005890009253415294
-0.7966799999999999 0.991480853043204 0.005792589546981908
-0.74669 0.9899798681677379 0.005694431758288836
-0.6966399999999999 0.9877625740026953 0.005590312908746231
-0.64666 0.9846162711248915 0.0054808427171740845
-0.5968399999999999 0.9816871745877993 0.005370588539474134
-0.54663 0.9809692029419792 0.005276926838476396
-0.49661999999999995 0.9798508132151383 0.005178093938978302
-0.44665 0.976112269131305 0.005063765743362447
-0.39666999999999997 0.9729106935940568 0.004945838599978902
-0.34663 0.9693211025083199 0.0048196308210437045
-0.29668 0.9647710491353428 0.004683299427042184
-0.24664 0.9613471901682253 0.0045488483012637625
-0.19662 0.9592268201944328 0.004406572001987662
-0.14661 0.9573453483392925 0.004263044258531562
-0.096624 0.9544915259982328 0.004078911878142506
-0.046605999999999995 0.9543712190900947 0.003844428786004938
0.0034018 0.9081897743343498 0.003177937340129924
0.053403 0.924406655455375 0.0036159879680481366
0.10339999999999999 0.9354980257489263 0.003928757070869788
0.15339999999999998 0.9431203348076057 0.004181334364748911
0.2034 0.9474841174124151 0.004361611206318526
0.25340999999999997 0.9543447750936825 0.004550591099409214
0.30343 0.9581105353890478 0.00471706712600842
0.3534 0.964539697981113 0.004882571940107655
0.40341 0.9690308577122734 0.005031093151767027
0.45339999999999997 0.9708256583692589 0.005157185722652423
0.5034 0.972174511214839 0.005282543030166882
0.5534 0.973693417009393 0.0054166851621510964
0.6033999999999999 0.9760530771684502 0.005564922137793212
0.65349 0.9775508749592337 0.005689400162303053
0.70341 0.9805748992960442 0.0058190513316267725
0.7534 0.9815891114982392 0.005933245705068026
0.8034399999999999 0.983725182680135 0.006055901192379951
0.85348 0.9844502169050187 0.006172374629626285
0.90357 0.985909695128176 0.006286313951484363
0.95343 0.9857004075009964 0.006388273175341431
1.0033999999999998 0.9851749489359988 0.006490973336124552
1.0534 0.9852085668363582 0.006587850398034179
1.1034 0.9877726488044828 0.006701424188293246
1.1535 0.9892436239724897 0.006808459476134879
1.2034 0.9909460507408716 0.006919379985212732
1.2533999999999998 0.9911321198533093 0.007015557065134654
1.3034999999999999 0.9928074741248178 0.007122803945412644
1.3534 0.995757232043985 0.00724038695041256
1.4036 0.9973254840939149 0.007342809675172043
1.4535 0.9967343724441136 0.007433970373556201
1.5033999999999998 0.9987689223604689 0.007537503001038525
1.5534999999999999 0.9995704393082109 0.007636986915777749
1.6034 0.9984235706538345 0.007727190400443434
1.6537 0.9993387242679236 0.007827184894591065
1.7035 1.0008833455274093 0.00792507022151435
1.7533999999999998 1.0024808106403245 0.008039163686495564
1.8034 1.0043283072249827 0.00815745622987506
1.8535 1.004367589648325 0.008244161222054111
1.9037 1.006446394544064 0.008352611768893197
1.9533999999999998 1.0085596462982525 0.008469611155597872
2.0036 1.0091418305621425 0.008571153274784013
2.0535 1.0126392669471123 0.008699316192167357
2.1035 1.0126951042849386 0.008792094470086553
2.1534999999999997 1.0137806583514017 0.008892128598456851
2.2034 1.0159432037115173 0.008992760863962019
2.2535 1.0172415340919254 0.009095574760683907
2.3037 1.0181877274929385 0.009188162652728756
2.3535 1.019244358379247 0.009292776724918067
2.4034999999999997 1.0205717133993122 0.009399107667889045
2.4535 1.0216067107240956 0.009511243290402586
2.5036 1.0208027713524814 0.009593146721039164
2.5534 1.0224624292037003 0.009701725279925345
2.6033999999999997 1.0215921125113265 0.009793617225755408
2.6540999999999997 1.024256184399858 0.009911125342295334
2.7034 1.0241215282865777 0.010001549258626202
2.7534 1.024346384048662 0.010106931757924497
2.8034999999999997 1.0231173919053007 0.010199097204364259
2.8535999999999997 1.0260445232341764 0.010340375043925635
2.9034999999999997 1.0294972828154525 0.010476207432206456
2.9543999999999997 1.0320113879401345 0.010629694229371935
3.0034 1.0313210278745626 0.010728966448531102
3.0549999999999997 1.0319312091777115 0.010855820060248664
3.1035999999999997 1.0316745078029805 0.010967195921339727
3.154 1.035134539924182 0.011116349869906717
3.2037 1.0336206691544991 0.011207894293655415
3.2548 1.0350028493136167 0.011331997045849756
3.3034999999999997 1.0354158937973061 0.011458034864652735
3.3537999999999997 1.036174765071022 0.011582614519683438
3.4034 1.037925673599927 0.011730407737753225
3.4534 1.0364938671632504 0.011836564926428943
3.5046999999999997 1.0362956783618964 0.011970102476632067
3.554 1.0369676970042778 0.01209708281839357
3.6035999999999997 1.0384041797495558 0.012238560548106623
3.6538999999999997 1.0422511924234503 0.012418316577293018
3.7037999999999998 1.0439120446802077 0.012546331049262591
3.7538 1.0452827707775232 0.012672188941061308
3.8034999999999997 1.0474051947091079 0.012842175576097055
3.8535 1.0498654006131076 0.012998003427568565
3.9034999999999997 1.0494656335116246 0.013124473958637478
3.9541999999999997 1.0527918933651363 0.01331368623942447
4.0035 1.0510456360306522 0.013447343875116832
4.053599999999999 1.047258188037823 0.013542634970412892
4.1034 1.0498318460182197 0.013737677572574545
4.1551 1.0511771906045215 0.013895176115521475
4.2035 1.0533219620636132 0.014080636482802134
4.2542 1.0518707747765745 0.014233978337782702
4.3043 1.051063601985564 0.014368502946505176
4.3534 1.0558666416195293 0.014597389675463509
4.4033999999999995 1.0530523391572952 0.014732688478588512
4.4551 1.055036601957452 0.014939905230340098
4.5038 1.0596040928855437 0.015160423843264742
4.5534 1.0602645682809757 0.01533397944066469
4.6037 1.0598469363824572 0.015499079200547976
4.6533999999999995 1.0611277073302554 0.015696743249331714
4.7043 1.0607573272242128 0.015888932619140955
4.7536 1.0634994366109907 0.016121031286514664
4.803599999999999 1.0628849479700766 0.016338546833277217
4.8541 1.0610201249978497 0.01649409069783459
4.906 1.0596918910723296 0.016686509500396754
4.954 1.0587575332716703 0.016850311797249235
5.0035 1.0638435224594498 0.017145390810549502
5.0538 1.0681064842721453 0.017430489394098022
5.104699999999999 1.0684131299415405 0.017691772041815552
5.1535 1.0703948086498454 0.01797270309369435
5.203399999999999 1.0682663881633698 0.018150584802159846
5.253699999999999 1.0665292207163852 0.018325893586483198
5.3037 1.0699787728311905 0.01866841621211883
5.3545 1.0697831327145475 0.018881792900249106
5.4033999999999995 1.073818525252833 0.019239858183305248
5.453399999999999 1.073233086226135 0.01953594550538626
5.5043999999999995 1.0764485796405276 0.01987299092845455
5.5538 1.0751373976820546 0.020114481797500732
5.6042 1.0744235000962328 0.020344697725698264
5.6537 1.0809032717090543 0.02071015168501195
5.705 1.0844475763923846 0.021042363912947698
5.7535 1.0901944464495097 0.0214010599837367
5.8041 1.0913649537342598 0.021783775005306722
5.8541 1.090595729800391 0.0221238474937216
5.9041 1.0928552324359304 0.022491304348789227
5.9535 1.099458276236381 0.022935263847547148
6.0035 1.09645216846239 0.02320306353722948
6.053599999999999 1.0944910765832663 0.02353336145945413
6.103899999999999 1.0930661661467944 0.023858340500169644
6.154599999999999 1.0815899045978845 0.023982096748784775
6.204 1.079310483928784 0.024267958968915773
6.254 1.0821636849430285 0.024742038072729716
6.3039 1.0803313778163366 0.025158024274755535
6.3542 1.0775304419306824 0.025539920869622732
6.404999999999999 1.0733741605247957 0.025776656827195998
6.454 1.0735702654223658 0.02631015189945512
6.504 1.0747160657556718 0.026826018685234102
6.5537 1.0695903852064879 0.02724684184886919
6.6037 1.0600016845362854 0.02740569112238484
6.6544 1.0648015038217076 0.028157924303428356
6.7046 1.066890968364793 0.02879285764568169
6.7538 1.0751907731130361 0.029901038098042846
6.8035 1.0794595808754501 0.030942905871668074
6.8538 1.075903573889707 0.031712880300976326
6.903899999999999 1.0745756830721518 0.0325032604269262
6.9540999999999995 1.0759516167365475 0.03365637163774483
7.0043999999999995 1.080369027448535 0.03477830953279135
7.0557 1.0698656034398741 0.03576166308831563
7.1037 1.0838911757619374 0.03722097579041683
7.1594 1.087407225524538 0.038326068745625046
7.2048 1.0963178432038732 0.039952043186182444
7.254 1.1039783455113403 0.041786196624083026
7.3042 1.1348366366689053 0.0449638646459872
7.353599999999999 1.1294741701468796 0.04657872972693072
7.4041 1.1157951641624475 0.0479275061493708