7e-06 0.9084897218229661 0.0022927628044570143
0.050007 0.9261498016133022 0.002602900245751524
0.100009 0.925194175285074 0.0027069940494821604
0.15001 0.9267816253262925 0.002821635478226871
0.200023 0.9284221998008425 0.002922660791352368
0.250011 0.9297220522155679 0.0030044385868391492
0.300008 0.9329988417941019 0.00308603522904207
0.350007 0.9354798037022829 0.003158818808780006
0.400026 0.9373702225370832 0.0032289725217598615
0.450013 0.9406402528109226 0.003308076088921224
0.500021 0.9432837057432142 0.0033811406517787507
0.550009 0.9447434191941734 0.00344030166402881
0.600039 0.9466473792120491 0.003499220130930781
0.650008 0.9498323139466004 0.003563427732967782
0.700061 0.9522338485106397 0.0036221013713479563
0.750047 0.9536344146148625 0.003676728130017694
0.80003 0.9561594478644306 0.0037394511356163593
0.850051 0.9583288374253555 0.0038024431593496866
0.900027 0.9609879273584065 0.0038641287706729127
0.95006 0.96411161795678 0.003930731712188642
1.000018 0.9654475108987353 0.003990202069242873
1.050035 0.9666509068505102 0.004046477608344662
1.100056 0.9690193009623681 0.004110444460654874
1.150193 0.9705864624695194 0.004165914089883582
1.200055 0.9727506056524652 0.004226914093838834
1.250097 0.9733149434870569 0.004279930621175102
1.300028 0.9743883620907079 0.004336014233100297
1.350055 0.9756196536275564 0.004394861476475654
1.400096 0.9764677220889924 0.0044540693257239675
1.450015 0.977770930673242 0.004512618021991845
1.500018 0.979185265047404 0.004573784801842525
1.550034 0.9809114194078289 0.0046397594104538985
1.600029 0.9827507649035779 0.004706846448953477
1.650021 0.9844254521028521 0.004774715482707729
1.700056 0.9857931684523334 0.00484251183526403
1.750022 0.986817968491188 0.004909116865965716
1.800184 0.9883268173837708 0.004982344231995476
1.850024 0.9893052940921073 0.005052080932369757
1.900012 0.9914244079137466 0.005127561926446058
1.950023 0.9924105827110462 0.005203074440749235
2.000016 0.9929838079268272 0.005273256843152792
2.050086 0.9938182749679828 0.005344267704284298
2.100021 0.9951532440301603 0.0054264226385117515
2.150096 0.9964306068578028 0.0055000234162923215
2.200084 0.9974018428727702 0.005574774813343931
2.250167 0.9979775820046215 0.0056514753580230725
2.30003 0.9980974895608419 0.005725329263182051
2.35019 0.9969957997877645 0.005795997437198832
2.400065 0.9984428992977247 0.005881441467060368
2.450013 0.9999573575097332 0.005971943763138165
2.50003 0.9996906076588864 0.006049184221675823
2.550027 1.0004222232753854 0.006131677503067598
2.600045 1.0012576391305592 0.006217312780581252
2.650177 1.001684196483321 0.006303392238454933
2.70011 1.0019927918598397 0.006393542769940276
2.750158 1.004582478440875 0.006496608998885247
2.800069 1.0049578335236249 0.00658638365121434
2.850043 1.0047409454631815 0.006663125143193759
2.900458 1.007125201464185 0.006765174267057197
2.950232 1.0082012287923705 0.0068688503121669825
3.000166 1.006761318838926 0.006954270877582806
3.05008 1.0080854030089963 0.007068238192015701
3.100049 1.0078471802154103 0.007166984066909188
3.15024 1.0062117826017234 0.007261329859920736
3.200039 1.0053894281909292 0.0073570551057890185
3.250087 1.0051490080001346 0.007464412261521447
3.300038 1.0051389946549636 0.007571359712109132
3.350032 1.006276792651338 0.007699018911432732
3.400017 1.0069294643263806 0.007821415936416443
3.45022 1.0069814762636997 0.00793859158739363
3.500171 1.0077585540061897 0.008060520960568092
3.55013 1.0091443744468316 0.008190901871896868
3.600334 1.01072832467074 0.008327853240715449
3.650166 1.0106713080184966 0.008446343851770564
3.700045 1.013151959812932 0.008602731301464087
3.750207 1.0111564024802018 0.008716865538622429
3.800324 1.0111096680900802 0.008843562378390618
3.850045 1.0104268159898915 0.008974218067574927
3.900048 1.010617845471266 0.009116511635905423
3.950185 1.010934546058373 0.009251685782436557
4.000085 1.01275499711355 0.00941700499464711
4.050075 1.0149992702072543 0.009582289806881819
4.100052 1.0146941559761102 0.009731067052352566
4.150122 1.013491070752826 0.009873279618339297
4.200029 1.0148272350591274 0.010053216188994681
4.250147 1.0135829432996752 0.010211159316216063
4.300195 1.0139115423727427 0.010401965476576243
4.350049 1.0129347908193083 0.010580143580797256
4.400453 1.0144368839452267 0.010774215588448295
4.450017 1.010948084142792 0.01092039739250666
4.500082 1.011598613502118 0.01110842258441442
4.550214 1.0072699926575408 0.01123636742791691
4.60033 1.009925536498642 0.011480133287612123
4.650133 1.009673126931066 0.011685217612057581
4.700075 1.0095206558357082 0.011863584713470397
4.750038 1.0078196210383445 0.012032862987162964
4.800041 1.006229156050757 0.01221670191954727
4.850227 1.0070224761836417 0.012421022478548295
4.900164 1.0006630959011078 0.012556448712386436
4.950117 1.001099722328821 0.012790538953461656
5.000499 1.006060348746978 0.013071231544061786
5.050855 1.0040391109113191 0.01326975440149181
5.100445 1.00380344356231 0.013532822582242351
5.150027 1.0001492356132473 0.013729042946183746
5.200028 0.9973850636247102 0.013926645171344646
5.25014 0.9956988472202285 0.014153676903333448
5.301935 1.0008536151141432 0.014512747498934877
5.350051 1.0001470254349691 0.014764026593601546
5.400447 1.0023215656933588 0.015074635407680842
5.450234 1.002636737209206 0.015367095431071957
5.500392 0.9996119122956394 0.015664896806101586
5.550363 0.9976260318487663 0.015923845032439574
5.600062 0.9970320947410141 0.01624037562566305
5.650661 0.9946746575740133 0.016484307739586354
5.700083 0.9974387447380809 0.01683336030703984
5.750042 0.9968566795701379 0.01718718413051962
5.800333 0.9952980786721879 0.017474821286044884
5.850151 1.0003537689654804 0.017940859772247894
5.900065 1.0010135882861604 0.018327926991033305
5.950188 1.0032946495180717 0.018843083150812314
6.000137 1.0015875573315856 0.019201035465706784
6.050184 0.9972789640788374 0.019558249608975346
6.101059 1.0019756703315112 0.020027500509113498
6.150669 1.0128357089866054 0.020752390264222317
6.202257 1.0131191877604282 0.021198859226159338
6.250229 1.0118300185092237 0.02161161811552618
6.300727 1.0126251281344503 0.022144795992299418
6.351858 1.0124942734997393 0.02266841347245718
6.400351 1.0113641234797797 0.023251285970733403
6.450899 1.0072761145329199 0.023689141529136603
6.500173 1.0091143102131908 0.024374457371538927
6.550347 1.0044904450199683 0.02498763375013627
6.600568 1.0062174334514393 0.025632473565601128
6.650967 1.015487291647479 0.026603863868816816
6.700113 1.0102292704043923 0.027224065280836433
6.750032 1.0068952093074541 0.027980108247633136
6.800036 0.9984378757118845 0.028691217386593068
6.850904 0.996292209661124 0.029481778738921473
6.9001 0.995279609202396 0.030271382768270124
6.951213 0.993069975933328 0.03134101053467934
7.001224 0.9993158871560093 0.03264622702679041
7.051163 0.9947404111386103 0.033532692418814
7.100358 1.007881453922921 0.03511121417201675
7.150275 0.9994053647386891 0.03608643619885264
7.201591 0.9939562661135503 0.03727627230179876
7.254139 0.9893589162496841 0.03874628549706627
7.300252 0.9874723338048695 0.04089692540729945
7.351187 0.9942568838447051 0.04331051011781371
