-0.42134 0.9124721738098004 0.035357578541609716
-0.37196999999999997 0.9037454188544437 0.028353015471361865
-0.32131 0.9064940484202869 0.023772932312690044
-0.27142 0.8986170133238489 0.019516714373126562
-0.2213 0.8866827793089809 0.015808436342878245
-0.17121999999999998 0.8920728758804118 0.013058143415769278
-0.12121 0.9106390403179844 0.011042308536697546
-0.07121 0.9144328905828635 0.008883014506284303
-0.021203 0.941986246133097 0.0067350051857786395
0.028804999999999997 0.9228215126264145 0.002820844523569225
0.078813 0.9284522071699792 0.0029897850012247586
0.1288 0.9337358242060368 0.003121361340058982
0.1788 0.937996907270909 0.0032168487380016043
0.22882999999999998 0.939436952206954 0.0032854073918264473
0.27881 0.9435923469447552 0.003358256342450506
0.32881 0.9471920102715092 0.0034271793105760417
0.37879999999999997 0.9492791920213328 0.003486440961698841
0.42879999999999996 0.9508712741766976 0.003542286133990225
0.47884 0.9530975138557028 0.0035980036404818496
0.52882 0.954989620877002 0.0036496004058705804
0.57882 0.9557909435004216 0.003694390217807409
0.62888 0.9569317954847498 0.0037420424757344194
0.6788 0.9580343321278716 0.003787910303680597
0.72883 0.9595815664925704 0.0038331473493381737
0.77882 0.9605352169943013 0.0038766256454930083
0.8288599999999999 0.961093754484416 0.0039181672227632585
0.8787999999999999 0.9629799862892878 0.003966341384335555
0.92884 0.9629410570507052 0.004006173253144337
0.9788199999999999 0.9645346944523618 0.004053131914216269
1.0288 0.9654681604589137 0.004096634319559056
1.0788 0.967149080393083 0.004144218481758033
1.1288 0.9679285750530204 0.004189460446251332
1.1787999999999998 0.970009110644803 0.004241513142055463
1.2288 0.9713694466595592 0.004287155104467499
1.2788 0.9720248349170111 0.004331074924782386
1.3288 0.9724452183186907 0.004372627477553906
1.3788 0.9725815966505378 0.004413809047170416
1.4287999999999998 0.9734361239883548 0.004457291448754006
1.4788 0.975137026592088 0.004504301332120765
1.5288 0.9759816215916532 0.004546980659209535
1.5788 0.9761318925050225 0.004587229808548265
1.6288 0.9773982463107999 0.004637430242662893
1.6787999999999998 0.9785356114612304 0.004682578205561303
1.7288 0.9792675441428289 0.004723875805920933
1.7788 0.980057621096383 0.004766048337915771
1.8288 0.9803124980377766 0.00481060015096213
1.8788 0.9812768297534572 0.004856437566073924
1.9288999999999998 0.981137376216948 0.0049004828811812845
1.9791999999999998 0.9828585451725518 0.004954022287623184
2.0288 0.9825689000220662 0.00499242137220249
2.0787999999999998 0.9842062368542929 0.005046813316077522
2.1288 0.985526680198018 0.00509965181562858
2.1789 0.9855379834509511 0.00514446639782792
2.2288 0.9860816196186614 0.005193645184622749
2.2788 0.987482011431953 0.005247962952155636
2.3287999999999998 0.9883902206676171 0.005296425614268252
2.3788 0.9904761835902698 0.005355020684972266
2.4291 0.9905846274396355 0.005400547271769135
2.4787999999999997 0.9918111592284594 0.0054522284496563295
2.5288 0.9934639447702357 0.005509221031810482
2.5787999999999998 0.9937679463096409 0.005564468411622971
2.6288 0.9951290990344197 0.0056186125992745495
2.6788 0.9948626539383405 0.005671518853304436
2.7287999999999997 0.9957480985319006 0.005725811560092379
2.7788 0.9970654704426156 0.005784878984718787
2.8287999999999998 0.996987462268108 0.005831632497966928
2.8788 0.9969687834788046 0.0058835882864938845
2.9288 0.9973160986426177 0.005936300185946619
2.9787999999999997 0.997532693074099 0.005989810089261117
3.0288 0.9992376296790533 0.006051985643470593
3.0791 0.9990812113897588 0.006105594283632032
3.129 1.0003856732759746 0.006168525051856448
3.1792 1.000093734717313 0.006218603411357909
3.2287999999999997 1.0005353623715967 0.006275076778458116
3.2790999999999997 1.0013119926179723 0.006334500274462153
3.3287999999999998 1.0027210219329334 0.006401578697135542
3.3788 1.0045596172511064 0.0064729520583795865
3.4288 1.0045048841576893 0.0065299217107123875
3.4795 1.0031770036328782 0.006582633970859201
3.5288999999999997 1.0028666411697915 0.006636700007010972
3.5787999999999998 1.0030230337662074 0.006701280810319258
3.6288 1.0040595165793396 0.006772909189988051
3.6788999999999996 1.00558375051294 0.006850381582852757
3.7289 1.005574937578546 0.00691447570215915
3.7788999999999997 1.005981606028652 0.006984804519441132
3.8289 1.007386737862847 0.0070609099975646955
3.8789 1.0070469459066609 0.0071232126646710225
3.9288999999999996 1.0077742445140978 0.00719526774041419
3.9789999999999996 1.008564825038037 0.007271497469561492
4.0287999999999995 1.0094350285173845 0.007347809719741188
4.0788 1.0090996415156648 0.0074222584354620424
4.129 1.0086712740631751 0.007495324289322706
4.1789 1.0092829978650733 0.007574689752695072
4.2288 1.0086561368955047 0.007643967043838971
4.2789 1.009365253523605 0.0077280792291146835
4.3288 1.009211152430435 0.007806005458610724
4.3788 1.0105681449993855 0.0078948227056152
4.4289 1.010880954114466 0.007978760676988233
4.4788 1.0104160236463566 0.008060917746198618
4.5291999999999994 1.0125188189680367 0.008168662532105412
4.5788 1.0129327862723794 0.008264778245692444
4.6288 1.0147696513857403 0.008371387640724433
4.6792 1.0135804253735934 0.008452669198118162
4.729 1.0129756971254011 0.008533821007687506
4.7789 1.0135191420072875 0.00862265069678326
4.8290999999999995 1.01210314920889 0.008701455986664934
4.8792 1.0124781429522915 0.008795184271609986
4.9291 1.0141578125636066 0.008900573933359725
4.979 1.0151278780184658 0.009016326697006556
5.0287999999999995 1.0133815227650256 0.00909970090596923
5.0790999999999995 1.0136047305260028 0.00919712290861679
5.1289 1.014802125356663 0.00931756451005061
5.1791 1.0126721913254195 0.009407292351463387
5.2288 1.0148245104761966 0.009529393762341751
5.279 1.015254357750038 0.00963940784607879
5.329 1.0173550245802685 0.009788143918341647
5.3788 1.0151730430999129 0.00991510423257541
5.4292 1.0152686410202811 0.010044290746084225
5.4788 1.0161863880849602 0.010170512493693185
5.5287999999999995 1.013066062431753 0.010270257833981682
5.578799999999999 1.010145433381096 0.010405027333057029
5.6288 1.0129616145237985 0.010577539155547475
5.6789 1.0132990310632952 0.010736124106911212
5.7288 1.0132724304499505 0.010892883892051805
5.779 1.016892962585822 0.011104469428023655
5.828799999999999 1.0167287924994444 0.011272658326792185
5.8788 1.017617973923416 0.011433188141084126
5.9288 1.0175765493676552 0.011591845591754182
5.9788 1.017758764827999 0.011745803178133138
6.0287999999999995 1.018062503993964 0.011931057172891335
6.0790999999999995 1.0178786245998281 0.01210731171426637
6.1288 1.0209235267174996 0.012325356859650067
6.1789 1.0233180377399091 0.01256006842439676
6.2292 1.0258206990557324 0.012793805534014597
6.2794 1.0279508854041948 0.013046574868010719
6.328799999999999 1.031961851185202 0.01333257339451935
6.379099999999999 1.0315439512664084 0.013574121823224615
6.4289 1.03304423402227 0.013879187269083857
6.478899999999999 1.0328052231422264 0.014132114146276015
6.529 1.03242275619097 0.014421506619314047
6.5789 1.034113327611475 0.014696762369493495
6.6289 1.0373108198523664 0.015022450599625958
6.6788 1.0395691310836896 0.015356012129135855
6.728899999999999 1.0377372779131095 0.015673000416490685
6.7787999999999995 1.0348581347021026 0.015945444732903637
6.828799999999999 1.028365362643887 0.016274130163189
6.8789 1.0233303848836062 0.01660498123923202
6.9289 1.022774634777951 0.016949996362673247
6.979 1.0170820374787066 0.017328515982962762
7.0287999999999995 1.021104563712139 0.01784831469118411
7.0789 1.0215444514737544 0.018448930465880763
7.130199999999999 1.02066243863627 0.018963036675949327
7.178999999999999 1.0186760780908175 0.019568226298525147
7.2288 1.0197412432068313 0.020182017443343882
7.2794 1.0123901365281796 0.02067394306431003
7.329199999999999 1.00556007386032 0.021227389797226003
7.3788 1.004279176355758 0.022062746865647197
7.4296 1.0016521969358534 0.023034096580985756
7.4788 1.0190299038780892 0.025011105304501926
7.5291 1.0300814645273035 0.02665886581041786
7.579 1.0257289963081915 0.028073205184639745
7.6288 1.0327712683789552 0.030362495812025114
7.6789 1.0452021624356949 0.0333707368183632
7.7288 1.0190524034572848 0.03585013845120242
7.7791 1.0107867286516214 0.03922613254099702
