1.1196742270949358 1.0426354306047287 0.0333398047064668
2.120321687922159 1.0217315526779969 0.01731499705003033
3.120337137017884 0.9948417008083342 0.011714563808475903
4.120427945363965 0.9746936938892837 0.008893249866187591
5.1203437584386915 0.9642105588770513 0.007213096769324348
6.12043867267557 0.9545634386425543 0.006079405335884219
7.120115532333187 0.9516234348285326 0.005375202711489779
8.12031251357839 0.9423070606230611 0.0048258756605514316
9.120190790861153 0.9376652445945317 0.00443317004470775
10.120437744575643 0.9330240371304289 0.004133445487963029
11.120400464319475 0.9286757023772794 0.0038960879805430503
12.119924947595768 0.9290457780538933 0.003735961341200646
13.12019274709349 0.928810835303256 0.003610089428746514
14.120294213216864 0.9284002147190524 0.003509775154254157
15.120181025535338 0.9272720480147769 0.0034243268398597
16.120382566078295 0.9256452026480787 0.0033536989159457945
17.120088697729862 0.9236652812882337 0.0032934528624428026
18.1200614214679 0.9207499213482513 0.0032355649541867715
19.12025187726343 0.9187210821050013 0.0031861072457069705
20.12014914530369 0.9169600638329423 0.0031428739319079094
21.119040237003716 0.9153252464651886 0.0031004291626918266
22.120405056119274 0.9150699724200819 0.0030664086206226497
23.119742039391912 0.9148058729101561 0.003033285349764061
24.11995094182775 0.9149690023093946 0.0030051200711100033
25.119021618532834 0.9139411706754232 0.0029727048414446462
26.12004675640627 0.9135039188390138 0.0029440615461159003
27.1194133329621 0.9135881221848955 0.002919065167290276
28.12028988571537 0.9131816133360091 0.0028956497594252173
29.119786596135288 0.9130586388539009 0.0028691831052369064
30.1199080731419 0.9130418814098603 0.0028476439864173727
31.11880113510935 0.912691479627801 0.0028248580390831256
32.11925165059038 0.9120867728283415 0.0028022454539837266
33.12038989811639 0.91206552156003 0.0027846765190472243
34.11962629993382 0.9115397843172359 0.0027648326349814087
35.11961887078742 0.9114544715744133 0.0027468279590865054
36.12009735646248 0.9119339143240028 0.002728812653221313
37.120099953974716 0.9123695034833023 0.002710779171932447
38.1191907186885 0.9128099629483651 0.0026934400225837964
39.120283885658964 0.9128997215229243 0.0026759403910646853
40.11916214370228 0.9133038282635363 0.002660726529019696
41.12021230939276 0.9128354319707491 0.0026437239710367455
42.119318769176346 0.9129992397706886 0.0026293208272962767
43.12030133805436 0.9131171403237613 0.0026162848327084542
44.119819451912704 0.9130695052266987 0.002605029962811292
45.11956258341173 0.9130659940661766 0.0025932991995281504
46.12001100398108 0.91291264234994 0.0025806518027457178
47.12007669553357 0.91333369745595 0.00256806809405601
48.11963318253259 0.9132572065635682 0.0025549079726316965
49.11978067409558 0.9135895630031442 0.0025434366654160726
50.12030670621335 0.9133986005606881 0.0025311904979259843
51.120093983664596 0.9139250832410337 0.002521981246468982
52.1198971664498 0.9147065967479325 0.002511376434260485
53.120202865615 0.9151110503887805 0.002501218508861836
54.11945976868775 0.9151859103088867 0.0024910696750255453
55.12004300560324 0.9154942614996245 0.0024820352748811053
56.11950825836782 0.9163640585843059 0.0024743201506618037
57.120352723737746 0.9170164805377058 0.0024630254146460746
58.120396023737335 0.9175565023923661 0.0024538070124837975
59.11917463242171 0.9179617256872364 0.0024459593294360055
60.11996598084579 0.9181067979159198 0.0024377848441234106
61.119495448698736 0.9190062183547736 0.002430187607785768
62.118855399283504 0.9197607492793449 0.002424135937393619
63.11733032682632 0.9203540304729875 0.0024178103058446585
64.11745454299005 0.92053388228844 0.0024117752318196183
65.12034752842182 0.9209115530771931 0.0024065285977461857
66.12033152223673 0.921174940679494 0.002401843112295955
67.11744604276305 0.921490049234787 0.002397690106889604
68.11677454382755 0.9219002976044661 0.00239381959212609
69.12005267237231 0.9220972290996483 0.0023886605523639965
70.11917846105382 0.9227725962744854 0.002384242246559596
71.11993471511798 0.9230623983073194 0.0023788055904809635
72.11845134924525 0.9230994086004217 0.0023730453975857
73.11957263995322 0.9231889311697699 0.002368295824970106
74.1150155600749 0.9235017760310917 0.0023640475045993503
75.11922042167515 0.9233808421058751 0.0023593742702112987
76.1164343557052 0.9233589156510412 0.0023545423076660604
77.11779803383023 0.9232263345208936 0.002349244871916591
78.12017569945678 0.9230661141673759 0.002343547250164163
79.12000285321304 0.9229211271766053 0.0023383082853177107
80.11626748647515 0.9226943765806896 0.0023336851681439634
81.11537238401719 0.9227480591267903 0.0023301421485028935
82.11932468539966 0.9226067271423539 0.0023262130870456573
83.11851070755276 0.9225684377486998 0.0023231941211377637
84.11571786752242 0.9227207318466406 0.002320841875144378
85.1175507841133 0.9226416992083998 0.002317895270991949
86.11697716653882 0.9227307782948073 0.002315708801585343
87.12038505342876 0.9227646503976191 0.0023135800085247672
88.11994245490685 0.9229745359860958 0.002311803995880207
89.12039759292306 0.9228777426622135 0.0023095845700236315
90.1187152924025 0.9229634771789041 0.002307798166752525
91.11754341597727 0.9229268723374804 0.0023054231891527516
92.1188184293793 0.9228360575140527 0.002303170890514088
93.1200096865391 0.9227723340589984 0.00230079875009469
94.11822356055596 0.9226750077099611 0.002298420887633548
95.12008236930531 0.9224838965688078 0.0022961217907351756
96.11967059547777 0.9224221526076468 0.002294085672648754
97.11450798848259 0.9223304623375047 0.002292022473854681
98.12023546490059 0.9221991801787547 0.0022897033859326367
99.11655206432593 0.9221786974267997 0.00228763676071159
100.1179758747469 0.922147224326978 0.0022859134303338646
101.11379614630629 0.9222850371918863 0.0022842276823994557
102.11363384563175 0.9223707015115628 0.002282361770186817
103.1099480789221 0.9224019612012883 0.0022806384566649916
104.11835408350765 0.9224570271767337 0.0022793189632129346
105.11796084569723 0.9224510884816225 0.0022775598125684988
106.11720303528617 0.9226262161590044 0.0022759258758374696
107.11622243619655 0.9229718206100285 0.0022750555037436672
108.11970220781818 0.9231130683765433 0.002273201779374371
109.11674514226203 0.9231272821321164 0.0022717219326066993
110.1198807132099 0.9232099546541049 0.0022704820814983375
111.11501167433332 0.9232622802437405 0.0022689508488887276
112.1179380714925 0.9232087560310209 0.0022670469161104236
113.09821034462213 0.9232476646007127 0.0022654764379777723
114.11995717968466 0.923147431499678 0.0022634798541856338
115.11647188274459 0.9229164755117181 0.0022610520674413255
116.11298881033929 0.9229042321504572 0.0022594021206041436
117.12039350737291 0.9228379731632267 0.0022573736289504664
118.11614693012085 0.9228236166699887 0.002255550984876392
119.1161181269473 0.9228776389635841 0.0022542089007070673
120.11043448821478 0.9230255043142243 0.0022533738629063136
121.11647715774478 0.9230301829227249 0.002252278129967696
122.11991736661291 0.9230634465833829 0.002251233645949465
123.1187473940202 0.9232128706510498 0.002250126316820836
124.10848314124152 0.9231019167794158 0.002248473901555913
125.11385879806505 0.9230601430149793 0.002246946164504387
126.10086724842029 0.923097327591274 0.0022458525976062913
127.1166944855286 0.9231253555519804 0.002244864645505938
128.1203142118406 0.9230901208143054 0.0022438237757339678
129.09600265397077 0.923170846199624 0.002243238119329337
130.11856978647322 0.9233853766163685 0.0022428127527132535
131.1147993191026 0.9234902075812519 0.002242115198615891
132.11344074373767 0.9236402502812353 0.0022415019589947576
133.11426054809337 0.923779460578144 0.0022409227413299642
134.1150945053448 0.9239494296598523 0.0022405638759705197
135.11618954164265 0.9239952203378543 0.0022398584267647455
136.11641901947522 0.9240993937157167 0.0022391703564783494
137.10911864232096 0.9241513841418686 0.0022384816235441946
138.10656455929225 0.924242340125057 0.0022379339581477748
139.1184802061618 0.9243100839895511 0.002237252098347364
140.10949946161145 0.9243479717950575 0.0022365446615010103
141.1131418128908 0.9244287004534338 0.002235843535663346
142.1137321941648 0.9244489985113578 0.0022351017467599774
143.11166992004044 0.924476142366117 0.0022344164646177214
144.09017621340428 0.9244628636891106 0.0022337124685396655
145.11880326721732 0.9244934695436566 0.0022331672202434484
146.11271885359108 0.9245214574073568 0.0022325184804823737
147.1178600200983 0.9245827006227274 0.0022321002553823384
148.1145798354587 0.9246017277223411 0.002231431014867656
149.0962468492934 0.9246772148293406 0.0022310415030911083
150.09037635714952 0.9247396794698342 0.0022304262666502797
151.1198207435104 0.9247762255981429 0.0022296973734505423
152.11281460142078 0.9248073329217407 0.0022290856954793902
153.11963324480482 0.9248721096126441 0.0022285622040980565
154.1201547891851 0.9248534242989723 0.002227935151339967
155.1098648189995 0.9248317046908296 0.0022272431394048837
156.1109872161719 0.9249118617669883 0.0022266808260665376
157.12007341656087 0.9249202544315992 0.0022260237977284924
158.08172146932765 0.9250533972569323 0.002225719059445034
159.1013522251314 0.9251371936300781 0.002225347473476238
160.1179489224058 0.9252983295546847 0.0022250206749665287
161.11556346417652 0.9253935542358014 0.002224490882012981
162.11854799914536 0.9253851903600342 0.0022239118426025544
163.1127420415138 0.9254510435415522 0.0022234152904782594
164.11734207176875 0.9255515478773206 0.002222944743754075
165.1188960036814 0.9255503185011545 0.0022223137382361125
166.09790324304322 0.9256388162922158 0.0022217962353506195
167.10793300757325 0.9256926916419419 0.0022212729716596887
168.05187409797713 0.9257278794494196 0.002220833181378078
169.11599376568523 0.9257928879807705 0.0022201715172696134
170.11061315539405 0.9258146369718767 0.0022195918999537508
171.11899526201543 0.9258550212681614 0.002219121195902072
172.0975497774111 0.9258740404326595 0.0022186187904935997
173.11948678501386 0.9259545369430623 0.002218194029767009
174.11111708492155 0.9259149575241697 0.0022175202629701094
175.113818228014 0.9259788388196892 0.0022170756524007014
176.11996781067342 0.9261104692884231 0.0022167872600988843
177.11256132770436 0.9260833087659663 0.0022162651570568534
178.11621918302393 0.9261848251435242 0.0022157404888615466
179.0839470256192 0.9261652404448412 0.002215110541822009
180.10617138922285 0.9262053714853931 0.0022147251631729767
181.09331712295085 0.9263082900799995 0.0022143762615078545
182.11903007183264 0.9262453547494545 0.002213694552755892
183.11210014949603 0.9262737554563244 0.00221321258260781
184.10830211122268 0.9263666411171244 0.002212809268600757
185.1178591689034 0.926290894982312 0.0022121802834548184
186.1006307795768 0.9262611722693143 0.002211630012704812
187.11218185664853 0.9262770135556956 0.0022111636524859055
188.10872361082295 0.9262794326606747 0.0022106592903660045
189.1190324206736 0.9262899509657495 0.002210180895150505
190.09996383796405 0.9263173101525854 0.0022097241443729465
191.10184016412032 0.926308479835172 0.0022091374447803366
192.11536457738 0.9262642467899258 0.002208441671581622
193.10822475327313 0.9262860867248696 0.0022079164643501173
194.11442152635735 0.9262873129200015 0.0022074929929218677
195.10120275850136 0.9263108053285046 0.002207110290736857
196.12012755836378 0.9263325670653618 0.0022066548313668614
197.10826284142738 0.926389500847967 0.0022062208959311713
198.06977950938952 0.9263658560677976 0.0022057705429762427
199.11807632214058 0.9263826801628244 0.0022054542637927254
200.10736488377233 0.9264328188151194 0.0022051299861966752
201.10994099714108 0.926437214052019 0.0022047719882516983
202.1186784995299 0.9264116193006144 0.002204299131814425
203.12028166782477 0.9263558464189954 0.002203748500736115
204.08326237709264 0.9263761449435766 0.002203472586495504
205.1106403338064 0.9264004738876604 0.0022031253915591807
206.09507264664276 0.9264581133405585 0.002202845147841777
207.0768344915257 0.9264693269480937 0.002202448499747851
208.10585608654083 0.9265237527893436 0.0022022667629929228
209.11136925116028 0.9265377923609909 0.00220184612763103
210.10456009153276 0.9265202228293421 0.0022013755119842035
211.07640059313306 0.9265516148750383 0.002201033891674868
212.09495698729825 0.9265634051030586 0.00220061489008466
213.10173886481033 0.9265442028708031 0.002200116353672268
214.11648061964246 0.9265793726200587 0.0021998029907784825
215.09788531002133 0.9266094550431614 0.002199576884899191
216.0913160758367 0.9266243709443258 0.002199184804594521
217.10054864234343 0.9266637967514076 0.0021989935096405743
218.1048672130362 0.9266701976112814 0.002198550666338117
219.11390241296291 0.9266762170670945 0.002198243255940931
220.11627327870858 0.9267511577601673 0.002197963443086673
221.11801954340024 0.9267713305562169 0.002197696082925379
222.1193814756499 0.9267654135570191 0.0021972496425916627
223.10715251967486 0.9267680336661022 0.002196910110027951
224.113062389593 0.9267877845782129 0.002196648360534382
225.10971338562368 0.9267845829396014 0.0021962398278683177
226.11723913084066 0.9267510716354966 0.002195809010825475
227.08450323939235 0.9267756214900443 0.002195472810050547
228.08876264017152 0.926858527314728 0.0021952257586099573
229.1159054108505 0.9268097959883965 0.0021947533309130277
230.1064262210529 0.9267804479207167 0.002194314707216972
231.0878337276383 0.9267970553511388 0.0021940527085838038
232.08142669488038 0.9268312772158793 0.0021937710615425494
233.10252723547887 0.9267871776337232 0.0021933103565035146
234.08885312302303 0.9268070381763025 0.002192945950502651
235.04193333261534 0.9267575456806062 0.0021924913132868305
236.09656086215927 0.9267457562293534 0.002192095388369827
237.1141536176404 0.9267975584066578 0.0021918868290743206
238.04497248476878 0.9267823712127853 0.0021915628665803034
239.11808881667363 0.9267278322775019 0.0021911031130741362
240.06431691101776 0.9267352319152302 0.002190765484455007
241.1161169606669 0.9267994943772933 0.002190531829177422
242.10236773847814 0.9268645600380894 0.002190336917308218
243.12037730078157 0.9269123391278076 0.002190107391834463
244.11574692964345 0.9269097469621965 0.002189807879533377
245.10812562264073 0.9269120656965248 0.0021894834365940633
246.10941912606836 0.9268975031957425 0.0021891009554731774
247.1069720305007 0.9269365951509237 0.002188918584489733
248.1096421705089 0.926935774130529 0.0021886054483003054
249.05636692474022 0.9268952330023812 0.0021882352621528443
250.1176491174875 0.9269687151329613 0.002188177033091933
251.1194783441795 0.9269873251634592 0.0021878918150600043
252.11222396116057 0.9269958178630954 0.0021875767655420426
253.08908425858434 0.9269339331234238 0.002187095808601383
254.1133695429209 0.9269165870564908 0.002186744463682603
255.11461174572773 0.9269234214448423 0.002186425969325987
256.1191877587955 0.9269371693963021 0.002186172569330901
257.0877951041475 0.9269743581446934 0.0021860474917899946
258.0944700080172 0.9269446638818697 0.0021855946174158237
259.1155885683895 0.9269298889023296 0.0021851346366983547
260.1193340320432 0.9269489856244392 0.002184821505060094
261.0900207679504 0.9269709477058905 0.0021846002163397535
262.0867030509497 0.9269950034946941 0.002184390015298125
263.1183908106742 0.9269661713470608 0.0021840128527624214
264.1151794853565 0.9269818694779872 0.0021837286243725725
265.097571300578 0.9270187209210407 0.0021833913914399536
266.1113488937152 0.926984858899637 0.002183057337406712
267.0926150818712 0.927016375150481 0.0021827805172014493
268.1159157465577 0.9270425139186271 0.002182527472747799
269.0867736868913 0.9270748019193109 0.002182258791523854
270.0843156757915 0.9270883976000396 0.00218196438582969
271.1106387622928 0.9271197182000174 0.002181705786806649
272.1023164917167 0.9271325419979212 0.0021814581411294374
273.11711341363565 0.927175337130627 0.002181293177697384
274.12036703019487 0.927220813113987 0.0021811044204807176
275.11030691342245 0.9272005235553266 0.002180761074992657
276.08091776287705 0.9272209354746473 0.00218059799651279
277.0003773781878 0.9272525945899159 0.0021803890780922553
278.10236846347857 0.9272619060242608 0.0021801578374815883
279.09619745136155 0.9273334214748388 0.0021800909889915236
280.099152563841 0.9273489410673744 0.002179844372626314
281.1139336231782 0.9273399383009795 0.0021795823620733147
282.0797074938764 0.9273793960838795 0.0021794945103947795
283.0890991118297 0.9274091910873087 0.0021793719457433654
284.08469071856433 0.9274540593965457 0.0021792968708923086
285.1189373468584 0.9274611283137694 0.0021791149666469073
286.0593083805405 0.9274617346817446 0.002178905904762567
287.1024727842091 0.9274883418295081 0.002178770004902766
288.0927172181629 0.9275507386860401 0.0021787061935289675
289.0675042592075 0.9275130356193624 0.0021782931671136146
290.04561536386285 0.9275291532948041 0.002178096769196231
291.005996091553 0.9275521801095664 0.0021779947134863103
292.05398472987304 0.9275743267277019 0.0021778485959589255
293.09612700523445 0.9276074418303182 0.002177782288167898
294.0852814377006 0.9276177180486879 0.002177614378232645
295.041353993113 0.9276040921838646 0.0021773064325638692
296.109630174573 0.9275941645504374 0.002177121205012951
297.09580758379195 0.9275950368605204 0.0021769253928579295
298.1073839414176 0.927631280344897 0.0021768545934190086
299.11174769942545 0.9276614747110097 0.0021767456502123903
300.1038403592297 0.9277130746294555 0.0021766929550059337
301.0311159985534 0.9277361766748063 0.00217660936492675
302.08638955684705 0.9277678680717514 0.002176533965773252
302.98708903702516 0.9277748622696731 0.0021764066401964836
304.10974466626635 0.9277670980340074 0.002176214787565797
305.01615254815823 0.9278344323305302 0.002176211091818267
305.90379688143844 0.9278534051370082 0.002176159821416178
307.1089781611034 0.927862883348122 0.002175960627934354
308.0312216741383 0.9278746387995913 0.002175826657383423
309.02316487471955 0.9278410040766883 0.002175580307905737
310.0225024854026 0.9278639009606041 0.002175508410162334
311.12027044020505 0.9278951046690016 0.0021754679613195946
312.06407237386946 0.9278712541818895 0.002175256609419211
313.071983248582 0.9279064689121838 0.0021751239956902817
314.1111568311842 0.9279091454386227 0.0021750227086975668
315.0908625987751 0.9279119780564593 0.0021749277772299103
315.98949210183434 0.9279317357718514 0.0021748605809706867
317.11194036768694 0.9279450358145457 0.0021747484002558153
318.1115221493297 0.9279655145311181 0.0021746590381591
319.1044883690523 0.9279630587022396 0.0021745159530052144
320.0420650537528 0.928006216669593 0.0021744797756405834
321.05205432284987 0.9280129466204117 0.0021743642281184423
322.0824344168557 0.9280472032578633 0.002174301259493881
323.0635634169201 0.9280769002783839 0.0021742872937825443
324.1169585883473 0.9280646770971288 0.0021741572276378278
325.0544054683057 0.9280868650615254 0.0021741018235256634
326.082190782122 0.9280584389669383 0.0021739099769451024
327.11536051968386 0.9280761017418464 0.0021738440030511313
328.0432969749739 0.9281049496676423 0.0021738280896661044
329.0789755882218 0.9281333287171525 0.002173811082538589
330.1093082560479 0.9281352976080557 0.0021737322262108524
331.059675892674 0.9281440794723775 0.002173603766691257
332.11134002994544 0.9281585821109061 0.0021735244883507748
333.09432529364074 0.9281698654013225 0.0021734257681785777
334.1148432006708 0.9281785546780348 0.0021732971623146273
335.0574763993411 0.9281988481547301 0.002173261276703399
336.03012907963125 0.9282119551338481 0.002173154966278191
337.098329965246 0.9282270664860075 0.0021730771901817478
338.1200683295607 0.92825992120315 0.002173046919372973
339.0642913643611 0.9282566424381459 0.002172943979995099
340.0932077794708 0.9282941220522113 0.002172870979754951
341.0699711866136 0.9283061390575617 0.0021728098247236565
342.0407111006743 0.9282933243014273 0.0021726727061994423
343.05843078331617 0.9282474086271179 0.002172440288568424
344.0663603340123 0.9282490152950829 0.0021723310154341535
344.8465019756195 0.9282698932329978 0.0021722728046038734
345.93916554529517 0.928248082883795 0.002172144448620447
347.10256236777815 0.9282378032655281 0.002172019300664711
348.0089567931992 0.9282351289567038 0.0021719119641891937
349.00183944011366 0.9282559613036855 0.002171871530907494
350.0897199158216 0.9282456835350035 0.0021717464303196155
351.01206302951215 0.928240370987956 0.0021716805081386935
352.10949225732026 0.9282600868194989 0.0021715602342958933
353.1038437435205 0.928278777328212 0.0021714970050303616
354.0015281117554 0.9283035537181904 0.0021714777272483243
355.0795360481423 0.9282979286785757 0.0021713873414151335
356.08432229880447 0.9282832710679393 0.0021712698978352033
357.11960532962496 0.9283103179241107 0.0021712559491576405
357.9330962889644 0.9283208996455955 0.002171239126494542
359.03555537069093 0.9283137725571936 0.002171079941606715
360.11211140994715 0.9282986543454441 0.0021710089602245356
360.93723832704455 0.9283295428857493 0.002171015891065455
362.1028343539381 0.9283053140705279 0.0021708523766455117
363.00236974508306 0.92830221117639 0.0021707738946453413
363.97076270436776 0.9282900036285153 0.002170703803467326
365.020544396755 0.9282973259051447 0.002170679383234061
366.1070099159961 0.928298276505383 0.002170622263613647
367.0358413216148 0.9283113712302842 0.0021706172791234705
368.03634656457984 0.9283390682050923 0.002170581170904091
369.0845331778318 0.9283413502798511 0.0021705331102495427
369.7840005545608 0.9283458016445004 0.002170490125113934
371.05597528250075 0.928327860907049 0.0021703829281144184
371.75038717187647 0.9283493172010145 0.002170373776279086
372.97834557186786 0.9283907185005293 0.0021703815995735114
374.030535235256 0.9283868760719176 0.0021703073806805494
375.0096468737016 0.9283650869196599 0.0021701793559484473
376.1112485959554 0.9283583427168336 0.0021701042981540804
376.96141529503944 0.9283573698909751 0.002170048665240018
378.09490006952393 0.928376024822745 0.002169985563345751
378.9628014425006 0.9283537168251551 0.0021698860010309286
380.01437678326045 0.9283411309734372 0.0021698269482328092
380.89056412648927 0.928338688880155 0.0021697797530469
381.9295134617728 0.9283525072270817 0.002169770564799118
382.9945055406096 0.92838045427014 0.0021697766207567156
383.66690805828887 0.9283902473736964 0.002169781730809169
385.11822275921037 0.9283646911162373 0.002169674597519277
386.08721134205905 0.9283481207684207 0.0021696121703464106
387.0838433118192 0.928356903379601 0.002169579371595181
388.02256061499634 0.9283670810408536 0.0021695735336510614
388.8726274324674 0.9283797750533058 0.00216957950123748
390.01669752270465 0.9283733089350275 0.0021695466173271612
391.1119628902857 0.9283788016444671 0.0021695239087262783
391.78224417661374 0.9283745033900088 0.002169496092545146
393.02155230867885 0.9283776280957932 0.002169485623360814
393.53729967387073 0.9283440704259251 0.0021693894337347615
395.08793979612216 0.9283480562780856 0.0021693928247109415
396.0650454553102 0.9283444939225173 0.0021693608074090736
397.1043695444909 0.9283272315310555 0.00216928493165204
398.0793670633819 0.9283305197844944 0.0021692748476776946
398.81466099473533 0.9283262986279803 0.0021692116831841554
400.01862049809955 0.9283375571474469 0.002169208380696372
400.93220854476726 0.9283408449996853 0.0021691982977040795
401.6007059688097 0.928343746701728 0.002169199156154767
402.96747066034897 0.9283409198375948 0.0021691629427157554
403.96187564454266 0.9283481275365696 0.0021691560984514963
405.0267303322643 0.9283102472626783 0.0021690498252014924
405.37592516815994 0.9283120654199938 0.0021690481524800193
406.7714644046987 0.9283081185886639 0.002169027088805125
408.0788621522137 0.9283052931454486 0.002168990883729566
408.52602652306183 0.9283089293038199 0.0021689875386002293
410.07634218797944 0.9283125654112746 0.0021689841934530918
410.361563449942 0.9283183679650155 0.0021689859102389545
411.50617910113033 0.9283249051917173 0.002168983423345134
412.67366038852674 0.9283269429398523 0.002168964503848205
413.88409811177235 0.9283295331454205 0.002168940955934021
414.4126436015078 0.9283375017035149 0.002168947733948633
415.723472702584 0.9283447729767258 0.002168941043481993
416.9893784288048 0.9283639964281074 0.002168944519160032
417.91168220657835 0.9283665485849683 0.0021689386430206246
418.51266305712113 0.928359003332746 0.002168903257442149
420.0163483527061 0.9283604722855705 0.0021688948511194334
420.4832901814891 0.9283702577583874 0.0021688999554365634
420.4832901814891 0.9283702577583874 0.0021688999554365634
422.93721371262 0.9283608951414772 0.0021688662443504567
424.06492296051704 0.9283620153365058 0.0021688511051426457
424.9940057287188 0.9283590729525988 0.0021688205568707345
426.0661086067257 0.9283623592770267 0.0021688104791076
427.0158681457678 0.9283667285842117 0.002168802931663819
428.0857789746422 0.9283735461747454 0.0021688011039966374
428.979298900375 0.9283533913719345 0.002168724430415976
430.03522167433624 0.9283642584192875 0.002168732063669089
430.6854968876705 0.9283693616857045 0.0021687203148714434
431.8470607751959 0.928381348166022 0.0021687128112779395
432.9646367110185 0.9283867997409149 0.0021687077944634167
433.82169419144213 0.9283873960144542 0.002168697353073503
434.19277245280085 0.9283913790874524 0.002168700740371104
435.9507027661043 0.9283953621511581 0.002168704127644658
436.7922219326002 0.9283993452055715 0.0021687075148941666
438.115602250837 0.9284018964189221 0.0021687016404538994
438.98611724737503 0.9284022816729894 0.002168690706594465
440.04653290505956 0.9283947375606976 0.002168655333827695
441.09720309493963 0.928403822608373 0.00216864697280668
441.8486635169968 0.9284085394489578 0.002168646157910676
442.82105946803307 0.9284154220615348 0.0021686504020328513
443.82357628285564 0.9284172389753768 0.002168648729754374
445.07912111500633 0.9284186617241745 0.0021686402205401026
446.0652080042765 0.928427361037272 0.002168642792141131
446.5769659021722 0.9284320776028122 0.002168641976970513
447.964841173812 0.928442296616701 0.002168642182503405
448.97899440810596 0.9284462791874982 0.0021686455689923774
450.0100142996848 0.9284528766780213 0.002168637315819144
450.16530108633134 0.9284532604317536 0.00216863229642826
450.16530108633134 0.9284532604317536 0.00216863229642826
452.5504380799602 0.9284438992197334 0.002168598599775845
453.966431945939 0.9284425030500622 0.0021685716768590343
455.05056977234545 0.9284342611522112 0.0021685228502406374
455.05056977234545 0.9284342611522112 0.0021685228502406374
456.8563847632478 0.9284292321325348 0.0021684992740995555
457.97713004811595 0.9284339480534117 0.0021684984590685727
458.5391333300047 0.928435415640225 0.002168490057174972
460.0935485666778 0.928437965948427 0.0021684841842701847
460.8236860998354 0.928444847211877 0.002168488426932051
461.5572940910319 0.9284471312342031 0.0021684819322917662
462.77957191428135 0.9284550951366527 0.002168488703647488
463.9118011943372 0.928458326114939 0.0021684903353631426
463.9118011943372 0.928458326114939 0.0021684903353631426
463.9118011943372 0.928458326114939 0.0021684903353631426
463.9118011943372 0.928458326114939 0.0021684903353631426
463.9118011943372 0.928458326114939 0.0021684903353631426
463.9118011943372 0.928458326114939 0.0021684903353631426
469.58545017479554 0.9284579770225667 0.0021684836055610892
471.11322308182326 0.9284589518684063 0.0021684740535832573
471.11322308182326 0.9284589518684063 0.0021684740535832573
473.01702043447887 0.9284610703183033 0.002168467172718515
473.9316121988869 0.9284650521439306 0.0021684705581996367
474.73562941365776 0.9284557747139818 0.002168437062078624
475.35287717639886 0.9284583246754254 0.0021684311894738044
477.1155088100583 0.9284536448607261 0.0021684143457252666
477.1155088100583 0.9284536448607261 0.0021684143457252666
477.1155088100583 0.9284536448607261 0.0021684143457252666
477.1155088100583 0.9284536448607261 0.0021684143457252666
477.1155088100583 0.9284536448607261 0.0021684143457252666
477.1155088100583 0.9284536448607261 0.0021684143457252666
477.1155088100583 0.9284536448607261 0.0021684143457252666
483.9627296920118 0.9284517006559254 0.0021683920634693846
485.0173739849051 0.9284564158653922 0.002168391248292775
485.5103866758399 0.9284568004144135 0.0021683803190745417
486.9927098428652 0.9284496065694049 0.0021683516910465874
487.5162025655635 0.9284525054136198 0.002168352547699309
487.5162025655635 0.9284525054136198 0.002168352547699309
489.9248037192049 0.9284562076927626 0.0021683493673463785
490.8968028545578 0.9284609226673803 0.0021683485521644687
490.8968028545578 0.9284609226673803 0.0021683485521644687
492.39798296716174 0.9284627388272945 0.0021683468803762943
492.39798296716174 0.9284627388272945 0.0021683468803762943
492.39798296716174 0.9284627388272945 0.0021683468803762943
492.39798296716174 0.9284627388272945 0.0021683468803762943
496.6853813347209 0.9284526464034328 0.002168317397190265
497.5904828062181 0.9284566277249771 0.0021683207820542933
498.2792929635638 0.9284577101331905 0.002168317396802347
498.2792929635638 0.9284577101331905 0.002168317396802347
498.2792929635638 0.9284577101331905 0.002168317396802347
498.2792929635638 0.9284577101331905 0.002168317396802347
502.57365533661357 0.9284595262584362 0.0021683157251009087
502.57365533661357 0.9284595262584362 0.0021683157251009087
502.57365533661357 0.9284595262584362 0.0021683157251009087
502.57365533661357 0.9284595262584362 0.0021683157251009087
506.9668082405825 0.9284566630453955 0.002168297212411493
507.88031176294254 0.9284573965821431 0.0021682930125807415
507.88031176294254 0.9284573965821431 0.0021682930125807415
507.88031176294254 0.9284573965821431 0.0021682930125807415
507.88031176294254 0.9284573965821431 0.0021682930125807415
507.88031176294254 0.9284573965821431 0.0021682930125807415
507.88031176294254 0.9284573965821431 0.0021682930125807415
507.88031176294254 0.9284573965821431 0.0021682930125807415
514.8481092029621 0.9284592126682522 0.002168291340937133
514.8481092029621 0.9284592126682522 0.002168291340937133
516.8206405904996 0.9284610287416563 0.0021682896692890954
516.8206405904996 0.9284610287416563 0.0021682896692890954
518.7296023842372 0.9284657434040707 0.0021682888541173424
519.5947827070516 0.9284697245493679 0.0021682922387165496
521.0047454481722 0.9284737056853813 0.00216829562329174
521.5753998949359 0.9284776868121113 0.0021682990078429154
521.5753998949359 0.9284776868121113 0.0021682990078429154
523.8896084728464 0.9284817725781367 0.0021683026367580603
524.6418702059756 0.9284834113565881 0.0021683005511845604
525.5752500483251 0.9284873924484816 0.0021683039356616258
525.5752500483251 0.9284873924484816 0.0021683039356616258
525.5752500483251 0.9284873924484816 0.0021683039356616258
528.2889949964576 0.9284910243174074 0.0021683005920454285
528.2889949964576 0.9284910243174074 0.0021683005920454285
530.8045128452474 0.9284918964301242 0.0021682967161788472
530.8045128452474 0.9284918964301242 0.0021682967161788472
532.4188433281732 0.9284915887775398 0.0021682900852643566
533.1928696299913 0.9284879919311096 0.002168275773226527
534.2972093958598 0.9284898078214839 0.002168274101483045
535.5277846697937 0.9284905411618347 0.0021682699017254413
535.5277846697937 0.9284905411618347 0.0021682699017254413
535.5277846697937 0.9284905411618347 0.0021682699017254413
535.5277846697937 0.9284905411618347 0.0021682699017254413
535.5277846697937 0.9284905411618347 0.0021682699017254413
540.6489795052986 0.9284869443880792 0.0021682555900777996
542.113127262798 0.9284979070511744 0.002168263454092262
542.113127262798 0.9284979070511744 0.002168263454092262
543.5000967320825 0.9284953927752332 0.0021682516705657496
543.5000967320825 0.9284953927752332 0.0021682516705657496
543.5000967320825 0.9284953927752332 0.0021682516705657496
547.1176695367768 0.9284972085848776 0.002168249998844217
547.1176695367768 0.9284972085848776 0.002168249998844217
547.1176695367768 0.9284972085848776 0.002168249998844217
547.1176695367768 0.9284972085848776 0.002168249998844217
550.2883194820118 0.9285002480233194 0.0021682511845888264
551.6796412907426 0.9285009812912352 0.0021682469849451298
553.083346826386 0.92850028280202 0.0021682335300090808
553.083346826386 0.92850028280202 0.0021682335300090808
553.083346826386 0.92850028280202 0.0021682335300090808
553.083346826386 0.92850028280202 0.0021682335300090808
553.083346826386 0.92850028280202 0.0021682335300090808
553.083346826386 0.92850028280202 0.0021682335300090808
553.083346826386 0.92850028280202 0.0021682335300090808
553.083346826386 0.92850028280202 0.0021682335300090808
560.4662703575129 0.9285071617950735 0.002168237770121656
560.4662703575129 0.9285071617950735 0.002168237770121656
560.4662703575129 0.9285071617950735 0.002168237770121656
563.5936691190024 0.9285129582330615 0.00216823948229783
563.5936691190024 0.9285129582330615 0.00216823948229783
563.5936691190024 0.9285129582330615 0.00216823948229783
563.5936691190024 0.9285129582330615 0.00216823948229783
563.5936691190024 0.9285129582330615 0.00216823948229783
563.5936691190024 0.9285129582330615 0.00216823948229783
563.5936691190024 0.9285129582330615 0.00216823948229783
563.5936691190024 0.9285129582330615 0.00216823948229783
571.5680924884049 0.928520919636823 0.0021682462500644028
571.5680924884049 0.928520919636823 0.0021682462500644028
571.5680924884049 0.928520919636823 0.0021682462500644028
571.5680924884049 0.928520919636823 0.0021682462500644028
571.5680924884049 0.928520919636823 0.0021682462500644028
571.5680924884049 0.928520919636823 0.0021682462500644028
571.5680924884049 0.928520919636823 0.0021682462500644028
578.4564821312579 0.9285249003247811 0.0021682496339116763
579.4361207876146 0.9285288810034574 0.002168253017734942
579.4361207876146 0.9285288810034574 0.002168253017734942
581.4301878442513 0.9285296141164759 0.0021682488180277968
581.4301878442513 0.9285296141164759 0.0021682488180277968
581.4301878442513 0.9285296141164759 0.0021682488180277968
581.4301878442513 0.9285296141164759 0.0021682488180277968
585.4949635432781 0.9285335947664527 0.0021682522018000535
586.7281431862081 0.9285328147698345 0.0021682444688431537
586.7281431862081 0.9285328147698345 0.0021682444688431537
588.6888923240552 0.9285324653504138 0.0021682377413953595
589.2835644043749 0.9285342809345718 0.0021682360695367588
589.2835644043749 0.9285342809345718 0.0021682360695367588
591.8945789494799 0.9285306840345441 0.0021682217589546852
592.1864297014367 0.9285294730967613 0.002168213019937084
594.1156925037935 0.9285312886558341 0.0021682113481493307
594.1156925037935 0.9285312886558341 0.0021682113481493307
594.1156925037935 0.9285312886558341 0.0021682113481493307
594.1156925037935 0.9285312886558341 0.0021682113481493307
594.1156925037935 0.9285312886558341 0.0021682113481493307
594.1156925037935 0.9285312886558341 0.0021682113481493307
594.1156925037935 0.9285312886558341 0.0021682113481493307
594.1156925037935 0.9285312886558341 0.0021682113481493307
594.1156925037935 0.9285312886558341 0.0021682113481493307
594.1156925037935 0.9285312886558341 0.0021682113481493307
594.1156925037935 0.9285312886558341 0.0021682113481493307
594.1156925037935 0.9285312886558341 0.0021682113481493307
594.1156925037935 0.9285312886558341 0.0021682113481493307
594.1156925037935 0.9285312886558341 0.0021682113481493307
594.1156925037935 0.9285312886558341 0.0021682113481493307
594.1156925037935 0.9285312886558341 0.0021682113481493307
594.1156925037935 0.9285312886558341 0.0021682113481493307
594.1156925037935 0.9285312886558341 0.0021682113481493307
611.4283830979131 0.9285287743187075 0.002168199565683384
611.4283830979131 0.9285287743187075 0.002168199565683384
611.4283830979131 0.9285287743187075 0.002168199565683384
611.4283830979131 0.9285287743187075 0.002168199565683384
611.4283830979131 0.9285287743187075 0.002168199565683384
611.4283830979131 0.9285287743187075 0.002168199565683384
611.4283830979131 0.9285287743187075 0.002168199565683384
611.4283830979131 0.9285287743187075 0.002168199565683384
611.4283830979131 0.9285287743187075 0.002168199565683384
611.4283830979131 0.9285287743187075 0.002168199565683384
611.4283830979131 0.9285287743187075 0.002168199565683384
611.4283830979131 0.9285287743187075 0.002168199565683384
611.4283830979131 0.9285287743187075 0.002168199565683384
611.4283830979131 0.9285287743187075 0.002168199565683384
611.4283830979131 0.9285287743187075 0.002168199565683384
611.4283830979131 0.9285287743187075 0.002168199565683384
627.8855220434995 0.9285327547924226 0.002168202949233463
628.4168883565044 0.9285356527855348 0.0021682038051038326
628.4168883565044 0.9285356527855348 0.0021682038051038326
628.4168883565044 0.9285356527855348 0.0021682038051038326
628.4168883565044 0.9285356527855348 0.0021682038051038326
628.4168883565044 0.9285356527855348 0.0021682038051038326
628.4168883565044 0.9285356527855348 0.0021682038051038326
634.2201894055144 0.9285353033637457 0.002168197078037028
634.2201894055144 0.9285353033637457 0.002168197078037028
634.2201894055144 0.9285353033637457 0.002168197078037028
634.2201894055144 0.9285353033637457 0.002168197078037028
638.5105675571459 0.9285382013272673 0.002168197933881872
638.5105675571459 0.9285382013272673 0.002168197933881872
640.771948954401 0.9285421817435894 0.0021682013173299473
640.771948954401 0.9285421817435894 0.0021682013173299473
640.771948954401 0.9285421817435894 0.0021682013173299473
640.771948954401 0.9285421817435894 0.0021682013173299473
640.771948954401 0.9285421817435894 0.0021682013173299473
640.771948954401 0.9285421817435894 0.0021682013173299473
640.771948954401 0.9285421817435894 0.0021682013173299473
647.9888698820508 0.9285450796809385 0.002168202173129684
647.9888698820508 0.9285450796809385 0.002168202173129684
647.9888698820508 0.9285450796809385 0.002168202173129684
650.1355481911838 0.9285449854594604 0.002168196042109829
650.1355481911838 0.9285449854594604 0.002168196042109829
652.7106651657615 0.9285446359892875 0.002168189315123482
652.7106651657615 0.9285446359892875 0.002168189315123482
652.7106651657615 0.9285446359892875 0.002168189315123482
655.8834095039239 0.9285398391005489 0.0021681662924859448
656.649726589564 0.9285411909052158 0.002168157627455372
656.649726589564 0.9285411909052158 0.002168157627455372
656.649726589564 0.9285411909052158 0.002168157627455372
656.649726589564 0.9285411909052158 0.002168157627455372
656.649726589564 0.9285411909052158 0.002168157627455372
656.649726589564 0.9285411909052158 0.002168157627455372
662.5848449331774 0.9285361624131953 0.002168134064576371
663.5016218404156 0.9285358130111055 0.0021681273381591224
663.5016218404156 0.9285358130111055 0.0021681273381591224
663.5016218404156 0.9285358130111055 0.0021681273381591224
663.5016218404156 0.9285358130111055 0.0021681273381591224
663.5016218404156 0.9285358130111055 0.0021681273381591224
663.5016218404156 0.9285358130111055 0.0021681273381591224
669.8085246309009 0.9285354636130887 0.00216812061180417
670.2311119525773 0.928529352993005 0.0021680945227688713
672.0966449496515 0.9285348085846535 0.0021680895305054744
672.544390375779 0.9285290474896128 0.002168070168410913
673.5028525277755 0.9285308628117808 0.002168068496955516
673.5028525277755 0.9285308628117808 0.002168068496955516
675.954425299688 0.9285290817914561 0.0021680525182499327
676.4674591508419 0.9285298147678042 0.002168048319707355
676.4674591508419 0.9285298147678042 0.002168048319707355
676.4674591508419 0.9285298147678042 0.002168048319707355
676.4674591508419 0.9285298147678042 0.002168048319707355
681.0612777805659 0.9285316300492013 0.0021680466482989864
681.0612777805659 0.9285316300492013 0.0021680466482989864
681.0612777805659 0.9285316300492013 0.0021680466482989864
681.0612777805659 0.9285316300492013 0.0021680466482989864
685.0183140425142 0.9285356099459032 0.0021680500311046388
685.0183140425142 0.9285356099459032 0.0021680500311046388
685.0183140425142 0.9285356099459032 0.0021680500311046388
687.6594760753245 0.9285347766085672 0.002168042175455014
687.6594760753245 0.9285347766085672 0.002168042175455014
687.6594760753245 0.9285347766085672 0.002168042175455014
690.2388872496001 0.9285343416765741 0.0021680352501011395
690.2388872496001 0.9285343416765741 0.0021680352501011395
690.2388872496001 0.9285343416765741 0.0021680352501011395
690.2388872496001 0.9285343416765741 0.0021680352501011395
690.2388872496001 0.9285343416765741 0.0021680352501011395
695.7054653700781 0.9285339923162581 0.0021680285246019316
695.7054653700781 0.9285339923162581 0.0021680285246019316
695.7054653700781 0.9285339923162581 0.0021680285246019316
695.7054653700781 0.9285339923162581 0.0021680285246019316
695.7054653700781 0.9285339923162581 0.0021680285246019316
700.7884884387797 0.9285303961063596 0.002168014218126285
701.8704438501264 0.9285322113274825 0.0021680125467941317
701.8704438501264 0.9285322113274825 0.0021680125467941317
701.8704438501264 0.9285322113274825 0.0021680125467941317
701.8704438501264 0.9285322113274825 0.0021680125467941317
705.7812140280694 0.9285329858094824 0.0021680084454914496
705.7812140280694 0.9285329858094824 0.0021680084454914496
705.7812140280694 0.9285329858094824 0.0021680084454914496
708.2254252938379 0.9285293896716824 0.002167994139404192
708.2254252938379 0.9285293896716824 0.002167994139404192
708.2254252938379 0.9285293896716824 0.002167994139404192
708.2254252938379 0.9285293896716824 0.002167994139404192
708.2254252938379 0.9285293896716824 0.002167994139404192
713.9566178332149 0.9285333693878188 0.0021679975219864823
713.9566178332149 0.9285333693878188 0.0021679975219864823
713.9566178332149 0.9285333693878188 0.0021679975219864823
713.9566178332149 0.9285333693878188 0.0021679975219864823
713.9566178332149 0.9285333693878188 0.0021679975219864823
719.0003963431349 0.9285351845647742 0.0021679958506793705
719.0003963431349 0.9285351845647742 0.0021679958506793705
720.8842621568516 0.9285393053485707 0.002167999562642532
722.07525480142 0.9285411204965833 0.0021679978913036074
722.7454693846852 0.9285418533703659 0.002167993693056198
722.7454693846852 0.9285418533703659 0.002167993693056198
722.7454693846852 0.9285418533703659 0.002167993693056198
722.7454693846852 0.9285418533703659 0.002167993693056198
722.7454693846852 0.9285418533703659 0.002167993693056198
722.7454693846852 0.9285418533703659 0.002167993693056198
728.8474385920641 0.9285458330169175 0.002167997075511674
728.8474385920641 0.9285458330169175 0.002167997075511674
728.8474385920641 0.9285458330169175 0.002167997075511674
731.6068510610946 0.9285465658644585 0.002167992877260319
733.0336260427815 0.9285494632207496 0.0021679937327813243
733.0336260427815 0.9285494632207496 0.0021679937327813243
733.0336260427815 0.9285494632207496 0.0021679937327813243
733.0336260427815 0.9285494632207496 0.0021679937327813243
733.0336260427815 0.9285494632207496 0.0021679937327813243
733.0336260427815 0.9285494632207496 0.0021679937327813243
733.0336260427815 0.9285494632207496 0.0021679937327813243
733.0336260427815 0.9285494632207496 0.0021679937327813243
733.0336260427815 0.9285494632207496 0.0021679937327813243
733.0336260427815 0.9285494632207496 0.0021679937327813243
742.8562217093117 0.9285574224218985 0.0021680004975163565
742.8562217093117 0.9285574224218985 0.0021680004975163565
745.0754420211199 0.9285614020085583 0.0021680038798478868
745.0754420211199 0.9285614020085583 0.0021680038798478868
746.4177217786757 0.9285574562574886 0.0021679828490544398
748.0870191851799 0.9285614357791728 0.0021679862313030303
748.0870191851799 0.9285614357791728 0.0021679862313030303
748.0870191851799 0.9285614357791728 0.0021679862313030303
748.0870191851799 0.9285614357791728 0.0021679862313030303
751.3496944660375 0.9285610862869558 0.002167979506283802
752.3917781251099 0.9285650657765803 0.002167982888480426
753.8822177468865 0.9285680518557856 0.002167972133485024
754.6668054917775 0.9285720312803737 0.0021679755155774457
754.6668054917775 0.9285720312803737 0.0021679755155774457
756.1625425351406 0.9285760106956857 0.0021679788976458796
758.0541188123941 0.9285814553975781 0.0021679738832567027
758.0541188123941 0.9285814553975781 0.0021679738832567027
758.0541188123941 0.9285814553975781 0.0021679738832567027
760.3928517243565 0.9285817575743327 0.002167968680073222
760.3928517243565 0.9285817575743327 0.002167968680073222
760.3928517243565 0.9285817575743327 0.002167968680073222
760.3928517243565 0.9285817575743327 0.002167968680073222
760.3928517243565 0.9285817575743327 0.002167968680073222
760.3928517243565 0.9285817575743327 0.002167968680073222
760.3928517243565 0.9285817575743327 0.002167968680073222
768.0301027996007 0.9285816288686499 0.002167962470951614
768.5322534538833 0.9285780326182069 0.002167948166214281
769.4446382844656 0.9285755186366246 0.002167936388333788
769.4446382844656 0.9285755186366246 0.002167936388333788
769.4446382844656 0.9285755186366246 0.002167936388333788
772.9810683741885 0.9285813127180943 0.0021679380988001602
772.9810683741885 0.9285813127180943 0.0021679380988001602
774.9904639784106 0.9285852919454565 0.0021679414806006258
774.9904639784106 0.9285852919454565 0.0021679414806006258
776.9294080832054 0.9285827779398111 0.00216792970287498
776.9294080832054 0.9285827779398111 0.00216792970287498
776.9294080832054 0.9285827779398111 0.00216792970287498
776.9294080832054 0.9285827779398111 0.00216792970287498
776.9294080832054 0.9285827779398111 0.00216792970287498
776.9294080832054 0.9285827779398111 0.00216792970287498
776.9294080832054 0.9285827779398111 0.00216792970287498
776.9294080832054 0.9285827779398111 0.00216792970287498
776.9294080832054 0.9285827779398111 0.00216792970287498
776.9294080832054 0.9285827779398111 0.00216792970287498
776.9294080832054 0.9285827779398111 0.00216792970287498
776.9294080832054 0.9285827779398111 0.00216792970287498
776.9294080832054 0.9285827779398111 0.00216792970287498
776.9294080832054 0.9285827779398111 0.00216792970287498
776.9294080832054 0.9285827779398111 0.00216792970287498
776.9294080832054 0.9285827779398111 0.00216792970287498
776.9294080832054 0.9285827779398111 0.00216792970287498
793.7703615130998 0.9285724153040366 0.002167899601357581
793.7703615130998 0.9285724153040366 0.002167899601357581
795.5649763495335 0.928574988313361 0.0021678997002534933
795.5649763495335 0.928574988313361 0.0021678997002534933
795.5649763495335 0.928574988313361 0.0021678997002534933
795.5649763495335 0.928574988313361 0.0021678997002534933
795.5649763495335 0.928574988313361 0.0021678997002534933
800.6078567298453 0.9285654584249181 0.002167871543184281
801.2304228104928 0.9285694374943733 0.002167874924831901
802.9424355435837 0.928577395605461 0.0021678816880551927
803.5317971782774 0.9285802924965268 0.002167882543220018
803.5317971782774 0.9285802924965268 0.002167882543220018
805.9690937637234 0.9285751511594255 0.0021678646322355393
805.9690937637234 0.9285751511594255 0.0021678646322355393
807.5750340994276 0.9285769658861244 0.0021678629610450907
809.0398326631539 0.9285798627294838 0.002167863816190885
810.0394582613152 0.9285805953014566 0.002167859618650952
810.0394582613152 0.9285805953014566 0.002167859618650952
810.0394582613152 0.9285805953014566 0.002167859618650952
812.1865698787072 0.9285791636271865 0.0021678503685252986
812.1865698787072 0.9285791636271865 0.0021678503685252986
814.9029836962305 0.9285766498662481 0.0021678385922458
814.9029836962305 0.9285766498662481 0.0021678385922458
814.9029836962305 0.9285766498662481 0.0021678385922458
814.9029836962305 0.9285766498662481 0.0021678385922458
818.8639978758645 0.92857305405391 0.002167824289915445
818.8639978758645 0.92857305405391 0.002167824289915445
820.7824669687138 0.9285767873275438 0.0021678270979401215
821.424459680628 0.9285764378029608 0.0021678203744151477
822.2390139240731 0.9285745937737855 0.00216781016193701
822.2390139240731 0.9285745937737855 0.00216781016193701
822.2390139240731 0.9285745937737855 0.00216781016193701
825.6288708465205 0.9285793051131558 0.00216780934596047
825.6288708465205 0.9285793051131558 0.00216780934596047
827.9135994257769 0.9285832838788252 0.0021678127271785243
827.9135994257769 0.9285832838788252 0.0021678127271785243
827.9135994257769 0.9285832838788252 0.0021678127271785243
830.6422128958638 0.9285842715577186 0.0021678091256082947
830.6422128958638 0.9285842715577186 0.0021678091256082947
832.1412976327896 0.9285817578645877 0.002167797350033184
833.7954313716841 0.9285934619207764 0.0021678010445119063
835.0907323564018 0.9285941943762114 0.002167796847311545
835.0907323564018 0.9285941943762114 0.002167796847311545
835.0907323564018 0.9285941943762114 0.002167796847311545
835.0907323564018 0.9285941943762114 0.002167796847311545
835.0907323564018 0.9285941943762114 0.002167796847311545
835.0907323564018 0.9285941943762114 0.002167796847311545
840.2392473629518 0.9285884345128306 0.0021677774939172214
840.2392473629518 0.9285884345128306 0.0021677774939172214
842.1790435461382 0.9285927131237056 0.002167781575266802
842.1790435461382 0.9285927131237056 0.002167781575266802
842.1790435461382 0.9285927131237056 0.002167781575266802
842.1790435461382 0.9285927131237056 0.002167781575266802
842.1790435461382 0.9285927131237056 0.002167781575266802
847.9049829098954 0.9285923635270085 0.0021677748521793795
848.2392529697702 0.9285963420948941 0.0021677782331054186
849.6461016405616 0.9285988994672295 0.0021677782963029604
849.6461016405616 0.9285988994672295 0.0021677782963029604
851.1405596288203 0.9286007139199638 0.0021677766252038394
853.1192543299424 0.9285960361540189 0.0021677597983785412
853.1192543299424 0.9285960361540189 0.0021677597983785412
853.1192543299424 0.9285960361540189 0.0021677597983785412
853.1192543299424 0.9285960361540189 0.0021677597983785412
853.1192543299424 0.9285960361540189 0.0021677597983785412
857.7360190175937 0.9285978505913913 0.0021677581273352588
857.7360190175937 0.9285978505913913 0.0021677581273352588
857.7360190175937 0.9285978505913913 0.0021677581273352588
857.7360190175937 0.9285978505913913 0.0021677581273352588
861.3317605615698 0.9285996650160787 0.0021677564562875653
861.3317605615698 0.9285996650160787 0.0021677564562875653
861.3317605615698 0.9285996650160787 0.0021677564562875653
864.3158103208289 0.9285999135721664 0.0021677511298550554
864.3158103208289 0.9285999135721664 0.0021677511298550554
864.3158103208289 0.9285999135721664 0.0021677511298550554
864.3158103208289 0.9285999135721664 0.0021677511298550554
868.7396109051252 0.9286005604144113 0.0021677467332361297
868.7396109051252 0.9286005604144113 0.0021677467332361297
868.7396109051252 0.9286005604144113 0.0021677467332361297
868.7396109051252 0.9286005604144113 0.0021677467332361297
868.7396109051252 0.9286005604144113 0.0021677467332361297
868.7396109051252 0.9286005604144113 0.0021677467332361297
868.7396109051252 0.9286005604144113 0.0021677467332361297
868.7396109051252 0.9286005604144113 0.0021677467332361297
868.7396109051252 0.9286005604144113 0.0021677467332361297
868.7396109051252 0.9286005604144113 0.0021677467332361297
868.7396109051252 0.9286005604144113 0.0021677467332361297
868.7396109051252 0.9286005604144113 0.0021677467332361297
868.7396109051252 0.9286005604144113 0.0021677467332361297
868.7396109051252 0.9286005604144113 0.0021677467332361297
868.7396109051252 0.9286005604144113 0.0021677467332361297
868.7396109051252 0.9286005604144113 0.0021677467332361297
868.7396109051252 0.9286005604144113 0.0021677467332361297
868.7396109051252 0.9286005604144113 0.0021677467332361297
868.7396109051252 0.9286005604144113 0.0021677467332361297
868.7396109051252 0.9286005604144113 0.0021677467332361297
868.7396109051252 0.9286005604144113 0.0021677467332361297
868.7396109051252 0.9286005604144113 0.0021677467332361297
868.7396109051252 0.9286005604144113 0.0021677467332361297
868.7396109051252 0.9286005604144113 0.0021677467332361297
868.7396109051252 0.9286005604144113 0.0021677467332361297
868.7396109051252 0.9286005604144113 0.0021677467332361297
868.7396109051252 0.9286005604144113 0.0021677467332361297
868.7396109051252 0.9286005604144113 0.0021677467332361297
868.7396109051252 0.9286005604144113 0.0021677467332361297
868.7396109051252 0.9286005604144113 0.0021677467332361297
868.7396109051252 0.9286005604144113 0.0021677467332361297
868.7396109051252 0.9286005604144113 0.0021677467332361297
900.3510819457393 0.9286034568185748 0.0021677475880725818
902.0582839638595 0.928609249586403 0.0021677492976852515
902.7611509264605 0.9286132279684668 0.002167752678322842
902.7611509264605 0.9286132279684668 0.002167752678322842
902.7611509264605 0.9286132279684668 0.002167752678322842
902.7611509264605 0.9286132279684668 0.002167752678322842
906.6943249802875 0.9286201026796321 0.002167756913662744
907.3170970507277 0.9286240810305076 0.0021677602942274245
908.7494899034081 0.9286269773427356 0.002167761148908664
909.9576941467951 0.9286287346572936 0.0021677593447639045
909.9576941467951 0.9286287346572936 0.0021677593447639045
911.4375958366845 0.9286316309416257 0.0021677601994101402
912.4652562712628 0.9286280350897205 0.0021677458991282953
912.4652562712628 0.9286280350897205 0.0021677458991282953
912.4652562712628 0.9286280350897205 0.0021677458991282953
912.4652562712628 0.9286280350897205 0.0021677458991282953
916.4979007076323 0.928632013356942 0.002167749279562117
917.9516514050017 0.9286378058225837 0.0021677509887629625
917.9516514050017 0.9286378058225837 0.0021677509887629625
917.9516514050017 0.9286378058225837 0.0021677509887629625
920.7854162071568 0.9286342099675874 0.002167736688719212
920.7854162071568 0.9286342099675874 0.002167736688719212
920.7854162071568 0.9286342099675874 0.002167736688719212
923.8556235451879 0.9286273682227055 0.0021677148118189955
924.6272773138443 0.9286342425395943 0.0021677190466926027
924.6272773138443 0.9286342425395943 0.0021677190466926027
924.6272773138443 0.9286342425395943 0.0021677190466926027
927.4192796183505 0.9286382206744321 0.002167722426938729
927.4192796183505 0.9286382206744321 0.002167722426938729
927.4192796183505 0.9286382206744321 0.002167722426938729
927.4192796183505 0.9286382206744321 0.002167722426938729
931.899842326394 0.9286400348193734 0.002167720755789481
932.2945248463744 0.9286396849844278 0.0021677140333095112
932.2945248463744 0.9286396849844278 0.0021677140333095112
935.0085992925336 0.9286419369751501 0.0021677074785010986
935.0085992925336 0.9286419369751501 0.0021677074785010986
935.0085992925336 0.9286419369751501 0.0021677074785010986
935.0085992925336 0.9286419369751501 0.0021677074785010986
938.5213696408417 0.928642669103213 0.0021677032817549588
939.6990639295079 0.9286466471342733 0.0021677066618430753
939.6990639295079 0.9286466471342733 0.0021677066618430753
939.6990639295079 0.9286466471342733 0.0021677066618430753
939.6990639295079 0.9286466471342733 0.0021677066618430753
939.6990639295079 0.9286466471342733 0.0021677066618430753
939.6990639295079 0.9286466471342733 0.0021677066618430753
939.6990639295079 0.9286466471342733 0.0021677066618430753
939.6990639295079 0.9286466471342733 0.0021677066618430753
939.6990639295079 0.9286466471342733 0.0021677066618430753
948.940129446285 0.9286441333388666 0.0021676948883317614
948.940129446285 0.9286441333388666 0.0021676948883317614
951.0137276801597 0.9286481113311426 0.002167698268365974
951.4631113486596 0.9286520893141491 0.0021677016483762214
951.4631113486596 0.9286520893141491 0.0021677016483762214
953.2541728436405 0.9286539033487451 0.00216769997721179
953.2541728436405 0.9286539033487451 0.00216769997721179
953.2541728436405 0.9286539033487451 0.00216769997721179
956.2958097779384 0.9286513895293053 0.002167688203855244
956.2958097779384 0.9286513895293053 0.002167688203855244
956.2958097779384 0.9286513895293053 0.002167688203855244
956.2958097779384 0.9286513895293053 0.002167688203855244
956.2958097779384 0.9286513895293053 0.002167688203855244
956.2958097779384 0.9286513895293053 0.002167688203855244
956.2958097779384 0.9286513895293053 0.002167688203855244
956.2958097779384 0.9286513895293053 0.002167688203855244
956.2958097779384 0.9286513895293053 0.002167688203855244
956.2958097779384 0.9286513895293053 0.002167688203855244
956.2958097779384 0.9286513895293053 0.002167688203855244
956.2958097779384 0.9286513895293053 0.002167688203855244
956.2958097779384 0.9286513895293053 0.002167688203855244
956.2958097779384 0.9286513895293053 0.002167688203855244
956.2958097779384 0.9286513895293053 0.002167688203855244
956.2958097779384 0.9286513895293053 0.002167688203855244
956.2958097779384 0.9286513895293053 0.002167688203855244
973.5428290952754 0.9286421107547249 0.0021676606396441736
973.5428290952754 0.9286421107547249 0.0021676606396441736
976.0195993673492 0.9286457647462191 0.0021676632635170743
976.0195993673492 0.9286457647462191 0.0021676632635170743
976.0195993673492 0.9286457647462191 0.0021676632635170743
976.0195993673492 0.9286457647462191 0.0021676632635170743
976.0195993673492 0.9286457647462191 0.0021676632635170743
980.5963280001289 0.9286373184542362 0.002167637642748318
980.5963280001289 0.9286373184542362 0.002167637642748318
982.1815540613479 0.9286412962735403 0.0021676410225828914
983.4040241439893 0.928645274083576 0.0021676444023935025
983.4040241439893 0.928645274083576 0.0021676444023935025
983.4040241439893 0.928645274083576 0.0021676444023935025
986.6712469938041 0.9286412154168299 0.002167629023503561
987.9535894589648 0.928644075291941 0.0021676297938904095
987.9535894589648 0.928644075291941 0.0021676297938904095
987.9535894589648 0.928644075291941 0.0021676297938904095
987.9535894589648 0.928644075291941 0.0021676297938904095
991.1502204555109 0.9286448073558798 0.0021676255975915174
991.1502204555109 0.9286448073558798 0.0021676255975915174
993.3879651159644 0.9286433756408146 0.0021676163506922533
993.3879651159644 0.9286433756408146 0.0021676163506922533
993.3879651159644 0.9286433756408146 0.0021676163506922533
996.212888909156 0.9286408620726858 0.0021676045786317285
996.212888909156 0.9286408620726858 0.0021676045786317285
996.212888909156 0.9286408620726858 0.0021676045786317285
999.7061941156593 0.9286381437412844 0.002167592328700676
999.7061941156593 0.9286381437412844 0.002167592328700676
999.7061941156593 0.9286381437412844 0.002167592328700676
1002.8572103602764 0.9286377939580923 0.002167585607413793
1003.3994919316823 0.9286370318379401 0.00216757792372339
1003.3994919316823 0.9286370318379401 0.00216757792372339
1003.3994919316823 0.9286370318379401 0.00216757792372339
1003.3994919316823 0.9286370318379401 0.00216757792372339
1007.2786332914098 0.9286417414875188 0.002167577107269851
1007.2786332914098 0.9286417414875188 0.002167577107269851
1009.4179407820241 0.9286457190605522 0.002167580486777048
1009.4179407820241 0.9286457190605522 0.002167580486777048
1009.4179407820241 0.9286457190605522 0.002167580486777048
1009.4179407820241 0.9286457190605522 0.002167580486777048
1009.4179407820241 0.9286457190605522 0.002167580486777048
1009.4179407820241 0.9286457190605522 0.002167580486777048
1015.7967003261781 0.9286479151051232 0.0021675678987994186
1016.2242818356247 0.9286518926107264 0.0021675712782018245
1016.2242818356247 0.9286518926107264 0.0021675712782018245
1016.2242818356247 0.9286518926107264 0.0021675712782018245
1016.2242818356247 0.9286518926107264 0.0021675712782018245
1016.2242818356247 0.9286518926107264 0.0021675712782018245
1016.2242818356247 0.9286518926107264 0.0021675712782018245
1016.2242818356247 0.9286518926107264 0.0021675712782018245
1016.2242818356247 0.9286518926107264 0.0021675712782018245
1016.2242818356247 0.9286518926107264 0.0021675712782018245
1016.2242818356247 0.9286518926107264 0.0021675712782018245
1016.2242818356247 0.9286518926107264 0.0021675712782018245
1016.2242818356247 0.9286518926107264 0.0021675712782018245
1016.2242818356247 0.9286518926107264 0.0021675712782018245
1016.2242818356247 0.9286518926107264 0.0021675712782018245
1016.2242818356247 0.9286518926107264 0.0021675712782018245
1016.2242818356247 0.9286518926107264 0.0021675712782018245
1016.2242818356247 0.9286518926107264 0.0021675712782018245
1016.2242818356247 0.9286518926107264 0.0021675712782018245
1016.2242818356247 0.9286518926107264 0.0021675712782018245
1016.2242818356247 0.9286518926107264 0.0021675712782018245
1016.2242818356247 0.9286518926107264 0.0021675712782018245
1016.2242818356247 0.9286518926107264 0.0021675712782018245
1016.2242818356247 0.9286518926107264 0.0021675712782018245
1016.2242818356247 0.9286518926107264 0.0021675712782018245
1016.2242818356247 0.9286518926107264 0.0021675712782018245
1016.2242818356247 0.9286518926107264 0.0021675712782018245
1042.9880636078663 0.9286537064282018 0.0021675696073397946
1042.9880636078663 0.9286537064282018 0.0021675696073397946
1042.9880636078663 0.9286537064282018 0.0021675696073397946
1042.9880636078663 0.9286537064282018 0.0021675696073397946
1042.9880636078663 0.9286537064282018 0.0021675696073397946
1042.9880636078663 0.9286537064282018 0.0021675696073397946
1042.9880636078663 0.9286537064282018 0.0021675696073397946
1042.9880636078663 0.9286537064282018 0.0021675696073397946
1042.9880636078663 0.9286537064282018 0.0021675696073397946
1042.9880636078663 0.9286537064282018 0.0021675696073397946
1042.9880636078663 0.9286537064282018 0.0021675696073397946
1042.9880636078663 0.9286537064282018 0.0021675696073397946
1042.9880636078663 0.9286537064282018 0.0021675696073397946
1042.9880636078663 0.9286537064282018 0.0021675696073397946
1042.9880636078663 0.9286537064282018 0.0021675696073397946
1042.9880636078663 0.9286537064282018 0.0021675696073397946
1042.9880636078663 0.9286537064282018 0.0021675696073397946
1042.9880636078663 0.9286537064282018 0.0021675696073397946
1042.9880636078663 0.9286537064282018 0.0021675696073397946
1042.9880636078663 0.9286537064282018 0.0021675696073397946
1042.9880636078663 0.9286537064282018 0.0021675696073397946
1042.9880636078663 0.9286537064282018 0.0021675696073397946
1042.9880636078663 0.9286537064282018 0.0021675696073397946
1042.9880636078663 0.9286537064282018 0.0021675696073397946
1042.9880636078663 0.9286537064282018 0.0021675696073397946
1042.9880636078663 0.9286537064282018 0.0021675696073397946
1042.9880636078663 0.9286537064282018 0.0021675696073397946
1042.9880636078663 0.9286537064282018 0.0021675696073397946
1042.9880636078663 0.9286537064282018 0.0021675696073397946
1042.9880636078663 0.9286537064282018 0.0021675696073397946
1042.9880636078663 0.9286537064282018 0.0021675696073397946
1042.9880636078663 0.9286537064282018 0.0021675696073397946
1042.9880636078663 0.9286537064282018 0.0021675696073397946
1042.9880636078663 0.9286537064282018 0.0021675696073397946
1042.9880636078663 0.9286537064282018 0.0021675696073397946
1077.2281789396375 0.9286566020695013 0.0021675704615798856
1077.2281789396375 0.9286566020695013 0.0021675704615798856
1077.2281789396375 0.9286566020695013 0.0021675704615798856
1077.2281789396375 0.9286566020695013 0.0021675704615798856
1077.2281789396375 0.9286566020695013 0.0021675704615798856
1077.2281789396375 0.9286566020695013 0.0021675704615798856
1084.0821474643888 0.9286605795371832 0.002167573840907434
1084.3561649593482 0.9286634751523495 0.002167574695102509
1085.3650613195082 0.928667452598124 0.0021675780743811482
1085.3650613195082 0.928667452598124 0.0021675780743811482
1087.4501160357138 0.928670348187157 0.0021675789285312075
1088.91537180633 0.9286743256110244 0.002167582307760939
1088.91537180633 0.9286743256110244 0.002167582307760939
1088.91537180633 0.9286743256110244 0.002167582307760939
1088.91537180633 0.9286743256110244 0.002167582307760939
1088.91537180633 0.9286743256110244 0.002167582307760939
1093.5279749305375 0.9286707301166545 0.0021675680113851493
1094.4544186570495 0.9286747074983763 0.002167571390560004
1094.4544186570495 0.9286747074983763 0.002167571390560004
1096.4280669348398 0.9286786848708314 0.0021675747697109033
1097.4017752966931 0.9286804985481888 0.0021675730987186638
1097.4017752966931 0.9286804985481888 0.0021675730987186638
1099.425585848172 0.9286769030507409 0.0021675588025808685
1099.425585848172 0.9286769030507409 0.0021675588025808685
1099.425585848172 0.9286769030507409 0.0021675588025808685