0.0 0.9092017272333661 0.0022882795117662455
0.05 0.9283715765940445 0.0030030394846838385
0.1 0.9399718933326873 0.0033863462678864267
0.150014 0.9455076260284675 0.0037059927396231127
0.200001 0.952588818408633 0.004021367236809459
0.250032 0.9572549378939808 0.00429941527187468
0.300021 0.9601066050302047 0.004560523333371152
0.350003 0.9642814444572418 0.0048173142439559705
0.400004 0.9678394513341209 0.005068681341525528
0.450003 0.9701411969961552 0.0053292396171993025
0.500004 0.9733990309652663 0.00558438796856456
0.550099 0.9756968026254259 0.005831632662318127
0.600002 0.9769647077970997 0.0060791364868028755
0.650029 0.9768232948557014 0.006312209189952668
0.700026 0.9779428602830706 0.006544975424293509
0.750043 0.9790143533658908 0.006775875457883852
0.80004 0.9790729257179303 0.007003748407451552
0.85001 0.981225968048082 0.007244726793259921
0.900085 0.9817490154869892 0.00747968042808934
0.950049 0.9812424153828908 0.007680502344849245
1.000004 0.978756514314427 0.00789936506076725
1.050043 0.9796580039467894 0.00813477541806313
1.100012 0.9814905401758073 0.008397400612753028
1.150012 0.98365207777346 0.008633843404554198
1.200066 0.9866648537781697 0.008893565636112776
1.250122 0.9869689120376257 0.009131948662442744
1.300288 0.9919234816385929 0.00941025945116137
1.35007 0.9907223710008626 0.009639584835292305
1.400002 0.9953040941115088 0.009910025684959002
1.450048 0.9953332716202338 0.010189938756429701
1.500024 0.9984176786033794 0.010455351895559534
1.550043 1.000597118025023 0.010733697691009245
1.600272 1.0011775044769469 0.011028618800658911
1.650048 0.9999509177550442 0.011319312578623432
1.700076 1.0016472060981596 0.011650211370801005
1.750341 1.004752347767386 0.012030589925524837
1.800096 1.002561947185225 0.01233321207751187
1.850171 1.0077961508839024 0.012803154631489047
1.900017 1.0077759046767245 0.01317494835152902
1.950018 1.0027185191942514 0.013510831266015778
2.000062 1.0043743234991747 0.013913457475631257
2.050049 1.0005914352845975 0.014246271720321422
2.1001 0.9997395944220953 0.014587357026667773
2.150448 0.9978745660096547 0.014973922009573362
2.2001 0.99660500857992 0.015374289031955932
2.250243 1.0028411829281842 0.015918114014733083
2.300301 1.0024742345986546 0.016355078077723826
2.350021 1.0025970905665624 0.016810650047568
2.401523 1.00838857688119 0.01741710268632016
2.450405 1.009646746838245 0.017895800554163857
2.50048 1.004105518241378 0.018347670850282678
2.550061 1.0046335873640888 0.01890828999930593
2.600036 1.0053841652118103 0.019464315171344934
2.650173 1.0159768499426252 0.020154938611189915
2.700123 1.018308624870506 0.020773158594002045
2.750082 1.0101848546472112 0.021235308566106344
2.800118 1.0046118057013949 0.021793089894083042
2.850273 0.9989885131172578 0.02231019190891426
2.900163 1.0085504054906573 0.02329768746929516
2.950579 1.0040351357996362 0.024083745263454276
3.001125 0.9941217627334151 0.024676315898483413
3.050481 0.9896649327148894 0.025401086661545204
3.100037 1.0013244091537084 0.02668538516699112
3.150455 1.0077485661508327 0.02785366613248439
3.200138 1.000467139790534 0.028690362886053405
3.250185 1.0039736935775603 0.030012853627038566
3.300416 0.9957400080249258 0.03093613678922406
3.350083 0.987644670526371 0.03171135923213688
3.400018 1.0004683514194161 0.033038375660651244
3.450491 1.006791200452826 0.0346963160630674
3.500628 1.0008986414025474 0.035700872227630076
3.550366 0.999323020699828 0.03724257009608741
3.600068 0.9999594818637115 0.03892337004176015
3.650804 1.0197833406569963 0.04139172895041972
3.700063 1.0268734966086521 0.043471021494142836
3.750562 1.0267757637348291 0.04564575033562335