2.1e-05 0.8996422517847777 0.002374106433725589
0.050026 0.9145553269228516 0.0026289987590505945
0.100021 0.9157184333126035 0.002695844309860132
0.150022 0.9150734534580174 0.0027505119344109342
0.200023 0.9146258251560788 0.002820461890918909
0.250028 0.9147618244754296 0.0028851672322236727
0.30005 0.914543973378036 0.0029474287648311756
0.350043 0.9143440262964309 0.0030042505135330242
0.400054 0.9143491033513055 0.0030569810167683387
0.450035 0.915291390795944 0.0031079190383282032
0.500048 0.9153644394411785 0.0031546665816439283
0.550072 0.9160135038955513 0.0032015725911782454
0.600046 0.917478265497126 0.0032474716179420153
0.65005 0.9192381823046808 0.003288534996319515
0.70003 0.9200488590801021 0.0033270308451674273
0.750052 0.9215139352273292 0.0033694562163897692
0.800026 0.9229796564029505 0.003413320013304916
0.850024 0.9246863194078566 0.003456656560656909
0.900027 0.925801085859546 0.00349745090679225
0.950219 0.9269825821162443 0.003538075687358765
1.000074 0.9281611988341494 0.003577187288641412
1.05005 0.9290701544599198 0.0036154421585875935
1.100153 0.9304096086015916 0.003652571160263742
1.150044 0.9310379182874392 0.0036879224559957847
1.200046 0.9320200365257875 0.0037242684458070026
1.250033 0.9326188696828094 0.003758086096410873
1.300115 0.9339755269060092 0.003795237666734653
1.350037 0.934593449308679 0.0038303975292258976
1.400051 0.9347072978818174 0.0038635485272180293
1.450108 0.9355261931758426 0.003900260969878491
1.500086 0.936489675345993 0.003936429259833431
1.550115 0.9363610830793696 0.003965923117469518
1.600068 0.9371268490882518 0.0039999971106653934
1.650038 0.9377084806017916 0.004034395724564346
1.70013 0.9384401763630615 0.004069878371321316
1.750256 0.9386288495024738 0.004101084473764677
1.800088 0.9390843389045266 0.004134649226601155
1.85006 0.9385219831072239 0.004161397427094827
1.90004 0.9395921994611114 0.004198165464345018
1.950052 0.9412198350837396 0.004239126929777046
2.000111 0.9420128145920514 0.004277371654281101
2.050062 0.9432005340342925 0.004316854184583457
2.100048 0.9438024444496166 0.004354177245732252
2.150188 0.9441090239425945 0.004389590715465075
2.200118 0.9445007114344219 0.00442579681475482
2.250037 0.9449344767690472 0.004463748174195227
2.300088 0.9462553929527271 0.004503170836947149
2.35006 0.9472791210893818 0.004541020694793625
2.400119 0.9489764662946766 0.004586461542187435
2.450046 0.9497690750739425 0.004626803604481944
2.500033 0.9504720571692353 0.004665908695896461
2.550094 0.9508310117924959 0.004702936802219476
2.600314 0.9510843732967331 0.004742810898527245
2.650105 0.9515260521717576 0.004781960606650938
2.700048 0.9532261287579071 0.004830255282530076
2.750074 0.953944349276804 0.004872265776469419
2.800101 0.9549393616925725 0.004914604314866817
2.850147 0.9569020060392327 0.0049642424952417346
2.900176 0.9589520840585439 0.005017048450553776
2.950107 0.9594081416548161 0.005059547465923611
3.000061 0.9595294449982404 0.005102725171944022
3.050119 0.9596873180028032 0.005143946690831663
3.100175 0.9599679292050111 0.005191291551433883
3.150106 0.9601131279959717 0.005236288342168168
3.20023 0.9610198342974193 0.0052853573794842896
3.25003 0.9624108366909743 0.005335704545269786
3.300131 0.9636550147389059 0.00538724783269793
3.350022 0.9652924850665234 0.005447894408581084
3.400045 0.9650453672626664 0.005497785425284643
3.450041 0.9658270090492448 0.005552931297427615
3.500078 0.9667429624011316 0.005605932171850435
3.550087 0.9672757424661228 0.005657066968768309
3.600055 0.9683674790639188 0.005717387519157893
3.650169 0.9697455256170947 0.005773522290259698
3.700178 0.9705285635123219 0.005829552403734363
3.750185 0.9706979234048478 0.005882477569991862
3.800201 0.972046830399412 0.005939937866297265
3.850178 0.9719461900277371 0.005991910137001342
3.90008 0.9722928403511772 0.006051237525790063
3.950194 0.9739019246316275 0.006122022079083979
4.00014 0.9753315021713268 0.006189743286377689
4.050047 0.9764679675310003 0.006250811336476454
4.100065 0.9766901844285513 0.006311349033498619
4.150024 0.9757731413654522 0.0063697160554534935
4.200032 0.9742729291101567 0.0064229089189504155
4.250129 0.9739676606927882 0.006484621245262282
4.300102 0.9740704933496549 0.0065486042883156756
4.350022 0.9741083492952072 0.006618323111703215
4.400155 0.9741970956808864 0.006685926613283299
4.450097 0.974705311065162 0.0067627560554901125
4.500071 0.9770127593372272 0.006847510082997991
4.550027 0.9786276824139899 0.006926873044867235
4.60022 0.9792059603319879 0.00700183427660372
4.65016 0.9791790857504725 0.007068089031253577
4.700549 0.980370066186067 0.007146853008674608
4.750053 0.9824137066599922 0.007234786690590475
4.800287 0.9819540665385402 0.007306278659091724
4.850046 0.9828829427225622 0.00739616257168569
4.900065 0.9842508702117163 0.0074915698156059665
4.95054 0.9858059437486404 0.007587613685564089
5.000229 0.9869285261769738 0.007669065083344418
5.050022 0.9858682976561965 0.0077438010600142885
5.10044 0.985368261544541 0.007831242619717523
5.150118 0.9864159459215893 0.0079256406117778
5.20003 0.9865148429907677 0.00801065629220895
5.250159 0.9860588681616065 0.008098243766587432
5.300237 0.9881016256035221 0.008215374835891652
5.350131 0.9903771387704642 0.008323966617290918
5.400023 0.9913889916794437 0.00842645041926561
5.450151 0.993657713732605 0.008550777261154026
5.500179 0.9940385517030814 0.008650684440020972
5.550026 0.9931440529393336 0.0087543311952811
5.600318 0.991539187311826 0.008851970010977038
5.65022 0.9921294701566168 0.008970194547463568
5.700065 0.9926371036854714 0.009089183993474465
5.750256 0.9928240059921215 0.009208222164459462
5.800202 0.9950434136371874 0.009349418047014823
5.850151 0.994931584246468 0.009481130328392186
5.900258 0.995684477985777 0.00961352359440772
5.950097 0.9945796638320202 0.009747970589593638
6.000073 0.9939292611802842 0.009873848403160754
6.050402 0.9940591354702406 0.010018029475175884
6.100043 0.995353360437593 0.010179480808459686
6.150408 0.9956463575213667 0.010352797505005498
6.200332 0.9964361325332286 0.010517391622423013
6.250325 0.9983767438229326 0.010705568162192314
6.300062 0.9990239089188135 0.010900244484978887
6.350121 1.0021784260905648 0.011127762520849568
6.400098 1.0029768046606709 0.011333252115329394
6.45021 1.0022597682649272 0.011518705495358184
6.500195 1.002857911977886 0.011733546399288817
6.550101 1.00315872420352 0.011953382318377588
6.600687 1.0031900556830304 0.012205017263058313
6.650083 1.0045573437112767 0.012476326228124493
6.700169 1.0020863174539518 0.012722405618090557
6.750058 0.9989921622009406 0.012935799141130392
6.800119 0.9994723627344823 0.013241819992444892
6.850181 0.9987593731921002 0.013540088568579198
6.900029 0.999667880685621 0.013900373837484567
6.950181 1.0040373371882008 0.014299682789627543
7.000041 1.0102779976421237 0.014755267704299711
7.050121 1.008790813847584 0.015102065025007631
7.100032 1.010051407453843 0.015585431580405382
7.15053 1.0088655693292297 0.016046114743931278
7.200039 1.0057063164094657 0.016531476162091014
7.250176 1.0003325855414096 0.017035731536501376
7.300264 0.9949502099879024 0.01758290721040458
7.350113 0.9936449225324013 0.018217456141303313
7.400305 0.9981289686727531 0.019082207487127217
7.450957 0.9946257746761128 0.019928418989985344
7.50013 0.9959520138861986 0.02101988043979626
7.55019 1.003983110244523 0.02262577941614493
7.600212 1.0094916790652806 0.024117689112774333
7.650276 1.0081415636932414 0.02588384138522603
7.700442 0.9949401158464383 0.027874830030534363
7.75004 0.9924492827312754 0.030583989548590353
7.80091 1.0116266747140787 0.03482162618927663
7.850422 0.9854148632817176 0.03901294803100363
