0.0 0.9932794257185215 0.05734701438191052
5e-06 0.762424256689644 0.04401858498364662
9e-06 0.7182489672906472 0.04146812346104259
1.7e-05 0.8051488975116413 0.04648529327160765
2.6e-05 0.75916964737948 0.0438306800275136
3.7e-05 0.8018200352431781 0.04629310131892841
4.7e-05 0.781159526919448 0.0451002663146984
5.6e-05 0.797607243909439 0.04604987569787101
6.4e-05 0.773641104160879 0.044666189974344274
7.3e-05 0.7559457114255623 0.04364454599842915
7.9e-05 0.8379631089449765 0.04837982265203578
8.5e-05 0.7206517096737148 0.04160684585720833
9.3e-05 0.8026638472134651 0.04634181882574746
0.000101 0.8194456168241018 0.047310714745965404
0.000108 0.8039309846356417 0.04641497703892686
0.000114 0.9165745494075704 0.05291845628328207
0.000122 0.860542828825146 0.049683463387140005
0.00013 0.775393520153898 0.044767365758874446
0.000139 0.7910658652131696 0.04567220902275476
0.000149 0.8828645079563331 0.05097220613265554
0.000157 0.8079513806098187 0.04664709470872086
0.000165 0.8045443498668533 0.046450389697062014
0.000174 0.7830045444551738 0.04520678845178948
0.000181 0.7823578735349788 0.045169452888804314
0.00019 0.7623586929431188 0.04401479965897608
0.000202 0.7901574565232988 0.04561976202259165
0.000217 0.8665379954958987 0.05002959449625958
0.000237 0.7720508388180743 0.044574375961969157
0.000261 0.815514105978551 0.047083728861465335
0.000285 0.8711136468510715 0.05029376985042227
0.000319 0.9518569415040291 0.054955486140736504
0.000354 0.8882129775557494 0.05128100016895309
0.000398 0.8566381571907247 0.04945802706521698
0.000443 0.8920399458077423 0.05150195028399991
0.000491 0.846979800218146 0.0489004015654122
0.000533 0.8487844466627463 0.04900459287647041
0.000569 0.8439544531548716 0.04872573307127485
0.000603 0.7738417368147856 0.0446777735060184
0.000636 0.9903876340123728 0.057180056709912
0.000672 0.8680771521555382 0.05011845774743636
0.000712 0.8367696970594947 0.04831092098470208
0.000752 0.8638376415189698 0.04987368948671086
0.000789 0.9343287518034777 0.053943495636534486
0.000829 0.8911088974918798 0.05144819618442074
0.000864 0.8900619792613502 0.05138775233219916
0.000904 0.9582125723519845 0.0553224286588302
0.000944 0.9559922276934115 0.05519423700019811
0.00099 0.9418957051024857 0.05438037388894724
0.001038 0.9891162772012845 0.057106654890200205
0.001087 0.9113730022068249 0.05261814481562677
0.001135 0.8907048835974175 0.05142487043134832
0.001184 0.8882187387440369 0.05128133279131395
0.001233 0.972954166604981 0.056173534999855376
0.001284 0.9145490191085193 0.05280151223694118
0.001335 0.9110020888840965 0.052596730124954444
0.001387 0.938600195777779 0.054190107569373605
0.001438 0.9260001849455267 0.0534626456047943
0.001506 0.8248591649588787 0.047623266093253847
0.001566 0.8498348279870156 0.04906523667050227
0.001633 0.953266662615555 0.05503687642705868
0.001698 1.0207109207114058 0.058930772483752086
0.001759 0.9206770501275375 0.05315531427278443
0.001827 0.9018704876767769 0.05206951688343662
0.001905 0.9315054351907339 0.053780491375896966
0.001983 0.9022268710509407 0.052090092687137435
0.002063 0.9626532268531068 0.05557880996599031
0.002136 0.8785527887028914 0.05072326890549107
0.002222 0.8324325268982303 0.04806051434868936
0.002297 0.9603649088745505 0.05544669386589921
0.002387 1.0176410823666693 0.05875353528428186
0.002469 0.9247031747955906 0.053387762688873575
0.002555 0.964231194697633 0.05566991398197128
0.00264 0.9826913887806754 0.056735713784285005
0.002746 1.0187946675514863 0.05882013755598058
0.002837 0.9792766352910373 0.05653856289963913
0.002926 1.0536601186839474 0.060833095315655
0.003015 0.9307936508369409 0.05373939648707023
0.003117 1.047553504451762 0.06048052977857606
0.00323 1.008666270356092 0.05823537427125855
0.003345 1.053272975739839 0.06081074360735541
0.003462 1.0178772859996714 0.058767172507391593
0.003592 1.0823624077349205 0.06249022274664878
0.003722 0.99579305157407 0.05749213863834482
0.003865 1.014538065890955 0.058574382544526515
0.003993 1.0034058655033982 0.057931664655483626
0.004121 1.0497986035427236 0.06061015063502846
0.004292 0.9486488439027588 0.054770266539368506
0.004459 0.9241794233882218 0.05335752388727029
0.004628 0.9273017297571515 0.0535377903295297
0.00483 0.8685120882112088 0.05014356879231854
0.004998 0.8892707583402653 0.05134207117102147
0.00519 0.8666186065840034 0.050034248579601266
0.005369 0.8659166171028175 0.04999371919800818
0.005543 0.895972446477936 0.05172899331605239
0.005746 0.9362954378254674 0.05405704230695521
0.005926 0.8809712459323334 0.050862898598735266
0.006125 0.9018898168505006 0.052070632853801875
0.006318 0.9347945940596237 0.05397039105173306
0.006506 0.9103506132602239 0.052559117162273114
0.006713 0.9229554729610495 0.05328685907641002
0.006903 0.8726553915749574 0.05038278252355799
0.007111 0.920204627012952 0.053128038911546695
0.00731 0.9598300602201915 0.05541581436444222
0.007527 0.9168771928181434 0.05293592940873834
0.007766 0.9255378362264655 0.053435951889053354
0.007986 0.8360614135197081 0.04827002821546624
0.008251 0.9403003841283565 0.05428826798956151
0.008503 0.8593150654419984 0.04961257843516386
0.008746 0.8922247952665928 0.051512622572482604
0.008978 0.8613288731792346 0.049728845679082805
0.009225 0.7921109777374566 0.045732548622477824
0.009473 0.8787075646755136 0.05073220490043682
0.00972 0.9253081739103878 0.05342269232905234
0.009993 0.8504615621163435 0.04910142118233005
0.01023 0.8918805987045777 0.05149275037470925
0.010481 0.9632998301989911 0.05561614162757083
0.010719 0.8509872210050237 0.04913177011241819
0.010958 0.8666080736109248 0.05003364045811704
0.011199 0.8648877457948715 0.049934317285347765
0.011441 0.7925783246325822 0.045759530908048386
0.011696 0.8282794213706843 0.0478207346892592
0.011952 0.8288210471119783 0.047852005466012815
0.01222 0.7989121159218268 0.04612521251863201
0.012532 0.8701998868073965 0.050241013889703215
0.012814 0.9509636561493585 0.05490391228673828
0.013115 0.8275114526483748 0.04777639599440374
0.013404 0.8681212403259168 0.05012100317913998
0.013703 0.9679128881663541 0.055882476653495265
0.013982 0.8813572486232845 0.050885184474488115
0.014268 0.8832939934230342 0.050997002487636826
0.014566 0.8835553811226323 0.05101209371350941
0.014854 0.8202770015317541 0.04735871476444172
0.01518 0.9313649203134248 0.05377237874567301
0.015524 0.8458044088797849 0.048832540314851604
0.015837 0.8397121386573955 0.04848080292956436
0.016163 0.8327019712887898 0.048076070727831474
0.016504 0.8284491167033005 0.04783053205385582
0.016857 1.0017390166895048 0.05783542909434366
0.017137 0.8798035019285483 0.050795478867242276
0.017471 0.9096535670287026 0.052518873179332466
0.017801 0.8869348067644445 0.05120720494391007
0.01814 0.9049337565679065 0.052246374795326005
0.018473 0.8587590933695358 0.04958047937259404
0.018827 0.9086841704802395 0.0524629050435118
0.019179 0.8155660698342914 0.04708672899607532
0.019528 0.7415605539889281 0.04281401854659156
0.019916 0.9140978537791313 0.05277546419450406
0.020272 0.8760598853127579 0.05057934106115534
0.020637 0.8001841871832224 0.04619865558715153
0.021038 0.8335385466446908 0.04812437042852417
0.021405 0.856848899203444 0.049470194260994284
0.021794 0.8548843928423023 0.0493567734333513
0.022229 0.8966549308965971 0.051768396572335555
0.022626 0.876891557885416 0.05062735769952552
0.022991 0.8769990612718628 0.0506335644104359
0.023362 0.8635813376623896 0.04985889177665177
0.023759 0.9110747782633998 0.05260092684822524
0.024152 0.8042930415121026 0.04643588040243552
0.024574 0.855583297111407 0.04939712469014183
0.024993 0.9307444225563671 0.05373655429096613
0.025415 0.9140472176044993 0.052772540713598604
0.025837 0.8679374245365266 0.050110390569591406
0.026197 0.8663126386696901 0.05001658351383206
0.026582 0.8696827309559427 0.050211155882698234
0.027048 0.8167955414959879 0.04715771257555947
0.027487 0.9037106474138169 0.05217575855538981
0.027956 0.9183358267299899 0.05302014367690371
0.028388 0.8698528036404073 0.05022097503371398
0.028824 1.0075044229854422 0.058168294982038356
0.029234 1.022536291150426 0.059036160295186
0.029729 0.8504478799776788 0.04910063124368593
0.030212 0.9183736798013202 0.05302232912499594
0.030723 0.8881474211093636 0.05127721526575629
0.031193 0.8378045242578442 0.04837066676085527
0.031658 0.8744635991632578 0.050487179437343585
0.032122 0.896693124646682 0.051770601689524846
0.032577 0.8198825646278431 0.0473359419391766
0.033082 0.8307297404596672 0.047962203927821676
0.033619 0.8803572637470314 0.05082745032073909
0.034127 0.9334234007895471 0.05389122517137409
0.03467 0.8770111750256943 0.050634263798339456
0.035219 0.8872923183619801 0.05122784588561763
0.035774 0.9488677267550191 0.05478290374673585
0.036284 0.9382911580871672 0.05417226526998717
0.036774 0.7733178431332448 0.04464752649021196
0.037352 0.8781743254641652 0.05070141832021537
0.037855 0.8801787826373375 0.05081714570906639
0.038405 0.9143096968852277 0.05278769496193713
0.038961 0.8789670105053932 0.05074718401240893
0.039467 0.9221505258055569 0.053240385430719316
0.040003 0.8506636810307914 0.04911309052329653
0.040529 0.8365663434048064 0.04829918035597459
0.041073 0.8306486427978342 0.047957521752132685
0.041613 0.9096166613838815 0.052516742430935265
0.042177 0.9363398067762134 0.0540596039495209
0.042758 0.9407300595032715 0.05431307530889864
0.043307 0.9446467600378786 0.054539206119697696
0.04386 0.8590111233245169 0.04959503032882926
0.044448 0.8961706269605423 0.05174043527155047
0.044997 0.8632789161187788 0.049841431460690526
0.04557 0.9077006063061374 0.05240611893944349
0.04608 0.9170897691582012 0.052948202509453916
0.046638 0.8527401035512387 0.0492329728334097
0.047274 0.8868517251607163 0.05120240822528235
0.047834 0.8337417965506948 0.04813610506731858
0.048396 0.8921269663621743 0.05150697441805255
0.048978 0.9352297794077699 0.05399551648952302
0.049627 0.8441580655414156 0.048737488637893
0.050209 0.9771383976658331 0.05641511169278883
0.050807 0.9255459778523842 0.05343642194604494
0.051396 0.9026307641832054 0.05211341146800112
0.052024 0.9176371659627512 0.052979806478699966
0.052662 0.897226748628638 0.05180141048448768
0.05329 0.86269755195948 0.049807866385303684
0.053916 0.9415871659430707 0.05436256037227286
0.054548 0.8122806859065657 0.04689704726656895
0.055283 0.9680423413115541 0.05588995063431813
0.055978 0.8810640994975223 0.050868259501820966
0.056648 0.8321797377527451 0.04804591956056995
0.057263 0.9259336760551756 0.05345880571221953
0.057873 0.7790563291202178 0.04497883813314394
0.058534 0.8278440628756503 0.04779559925482901
0.059295 0.9238122277555803 0.053336323837535206
0.060002 0.8546247716363712 0.04934178419603813
0.06072 0.9169931324534698 0.05294262318670489
0.061449 0.8825887588211956 0.05095628574891549
0.06218 0.7930229738804946 0.04578520274434611
0.062928 0.8720302540818828 0.05034669019356727
0.063636 0.9235574154386743 0.05332161224155936
0.064437 0.9542423813837234 0.05509320957640422
0.06526 0.8772027485103818 0.05064532429863485
0.06608 0.8450261230832729 0.04878760596343934
0.066847 0.9700859960578794 0.056007941096110285
0.067752 0.8787566004228018 0.050735035980626494
0.068517 0.8970602317025499 0.05179179662527752
0.069337 0.9097601075626471 0.05252502429992772
0.070227 0.8757654999988235 0.05056234471713079
0.071108 0.8565752506484668 0.049454395154306344
0.071908 0.9285799174127058 0.053611586528230615
0.072674 0.8197551231847544 0.04732858410402927
0.073487 0.8809127894044697 0.05085952360952546
0.074246 0.9290628485344904 0.05363946856954685
0.074959 0.9611113696509545 0.05548979079891884
0.075693 0.8430892278174973 0.048675779263130575
0.076391 0.9714360633390899 0.056085887266933386
0.077113 0.9501977194825688 0.054859690912662955
0.077935 0.8998630230152677 0.051953615857165514
0.078684 0.9206368623480503 0.053152994030253926
0.079469 0.8408717639490344 0.048547753926993044
0.080264 0.8127230524756492 0.04692258731234304
0.080967 0.9550900344692356 0.0551421488501142
0.081757 0.8640939534847143 0.04988848766495277
0.082678 0.9185797939742427 0.053034229132318
0.083543 0.8615819231380509 0.04974345552526691
0.084442 0.8990014263828904 0.05190387155240193
0.085384 0.8916269100028611 0.051478103650686606
0.086218 0.9113741757199337 0.0526182125684377
0.087186 0.7890409660319653 0.04555530141401975
0.08808 0.9043950773482794 0.052215274136080146
0.089004 0.8752359939034768 0.0505317736684622
0.090006 0.8835129068450662 0.051009641459950766
0.091026 0.8439837155057105 0.048727422533888246
0.092056 0.8101860340119944 0.046776112483050025
0.093019 0.8825483643676202 0.05095395357405094
0.094025 0.8727359487090512 0.05038743349186341
0.095098 0.858436230120183 0.04956183885420151
0.096126 0.8088914473924173 0.046701369489719806
0.097317 0.9327756573889251 0.0538538276887026
0.098368 0.8130026504183838 0.04693872990709331
0.099517 0.9332448664863884 0.053880917488575264
0.100729 0.9409033207192796 0.05432307854986888
0.101844 0.9526674250059407 0.05500227942753674
0.102878 0.9494299036204711 0.05481536104319594
0.104077 0.8795182168001365 0.05077900792267384
0.10509 0.9457946054747769 0.05460547700689583
0.106207 0.8944269781877767 0.051639765662717635
0.107345 0.9111000528994015 0.05260238608001517
0.108498 0.9417806222973775 0.05437372958009641
0.109532 0.9567797880951511 0.05523970682119285
0.110852 0.9837275141733898 0.05679553451172479
0.112068 0.9476363611908648 0.05471181082274232
0.113333 0.8957060798436275 0.05171361463125027
0.114553 0.9322154322447825 0.05382148307492485
0.115835 0.8766818568285556 0.05061525060336275
0.117152 0.9658422670614167 0.05576292928826273
0.118231 0.9163353216417269 0.05290464446178133
0.119405 0.8948346829710365 0.05166330450935413
0.120717 0.8523630362182876 0.0492112028407915
0.121974 0.8722416529500748 0.05035889531291298
0.123156 0.9582286974844018 0.055323359643784376
0.12438 0.9040499003171606 0.052195345330896696
0.12564 0.9595053792633783 0.05539706890066054
0.126763 0.9460254380694486 0.054618804132962974
0.127843 0.813690084252921 0.046978418918035315
0.129172 0.8785258062726954 0.05072171107415736
0.130421 0.873397174400357 0.05042560937495046
0.131719 1.0182141221111913 0.05878661974935748
0.133069 0.8457611653557804 0.04883004364882913
0.134413 0.9960588917580956 0.057507486928525677
0.135606 0.9896044217075666 0.05713483792641074
0.136945 0.850496661245282 0.049103447631484144
0.138175 0.8517510645357631 0.049175870639227307
0.139511 0.8424191418990282 0.048637091834589745
0.140962 0.8575395075526634 0.04951006655262693
0.14226 0.9044846759864158 0.052220447115864856
0.143802 0.9409964023592791 0.05432845262085991
0.14529 0.8864943576429173 0.051181775602022264
0.146856 0.8802696099702763 0.05082238962757858
0.148194 0.9452284678488694 0.05457279103582422
0.149611 0.877221199831107 0.05064638958613361
0.151076 0.9500639983218561 0.05485197051784957
0.152483 0.8922985508537697 0.05151688085329369
0.154097 0.8649699000112231 0.04993906046124033
0.15564 0.8746632481983263 0.05049870617975761
0.157051 0.9733006654431896 0.056193540119606734
0.158517 0.9270430962667614 0.05352285811799988
0.159808 0.891089155836262 0.051447056399402225
0.161337 0.9220687103777706 0.05323566181479369
0.162901 0.8828539754533629 0.050971598038313026
0.164187 0.8626526593741773 0.04980527451068278
0.165692 0.8937743834094461 0.05160208808562355
0.16724 0.8821398820911608 0.05093036983882364
0.168847 0.9277838917067456 0.05356562796266881
0.170516 0.8787140058627436 0.05073257678255494
0.172078 0.9327041950234575 0.05384970180710863
0.173579 0.9258175394210582 0.053452100560522485
0.175361 0.8570950722237922 0.049484407066950814
0.176998 0.8868778082978438 0.05120391413590654
0.178794 0.9286134348067351 0.05361352165587714
0.180439 0.9114919459414519 0.0526250120353473
0.182216 0.8843347127808417 0.05105708844777493
0.184085 0.9250454626627153 0.05340752468809605
0.185856 0.9003052581820968 0.05197914831642691
0.18779 0.8705585545134296 0.050261721579366
0.189687 0.8333411530845413 0.0481129739060153
0.191616 0.9578187734360699 0.05529969266781921
0.19368 0.9957361339540747 0.05748885249802222
0.195687 0.9154257261332777 0.052852128940615646
0.197691 0.8812184414894325 0.05087717044087863
0.19958 0.9163155599023869 0.05290350351722857
0.201627 0.9552272075614067 0.05515006854228326
0.203758 0.8879701241973258 0.051266979023767145
0.205717 0.8764996534818161 0.05060473108823402
0.20766 0.870182835456284 0.050240029429487736
0.20975 0.8874482708892453 0.051236849808977365
0.212068 1.0010921288185786 0.057798081005702176
0.21437 0.9169628039838338 0.05294087217169404
0.21645 1.0065439664021532 0.05811284299534767
0.218677 0.817147681879086 0.047178043410056894
0.220337 0.873102642664131 0.05040860457723096
0.222652 0.8861736439936688 0.05116325919084962
0.225219 0.9410744267507084 0.05433295736119942
0.227876 0.9315630157175067 0.0537838157891602
0.230063 0.9361586420239204 0.05404914439767049
0.232493 0.9026895058556793 0.052116802920042664
0.234807 1.0496397989393529 0.060600982046978
0.237388 0.9480496007704694 0.05473566922099477
0.240003 0.8709389324489097 0.05028368270971033
0.242291 0.9151386232253655 0.052835553046498826
0.244981 0.9242157223596805 0.05335961960936459
0.247432 0.9770833414220645 0.05641193301907279
0.250036 0.9416182477396562 0.054364354880635415
0.252525 0.9035039606805403 0.05216382549128029
0.255121 0.8573025040857565 0.04949638315108517
0.257864 0.9356851560371132 0.05402180767147643
0.260753 0.9730887937057758 0.056181307699143784
0.263639 0.9704048322019819 0.05602634910947278
0.266607 0.9549864275385058 0.05513616710117953
0.26917 0.9471460519720862 0.05468350280679752
0.271987 0.9883313352822535 0.057061336247375125
0.274529 0.9200051652367073 0.0531165229805259
0.277401 0.975479892375485 0.056319357845205344
0.279955 0.9109553026707324 0.05259402892166643
0.282794 0.9134430980903736 0.05273766185718829
0.285922 0.9033361629963755 0.0521541376874681
0.289008 0.9474853769709483 0.054703093744741096
0.292107 0.9660468710755908 0.0557747421065288
0.295098 0.9161104787432653 0.05289166315098611
0.298335 0.8915132689084961 0.05147154257904434
0.30157 0.9463971082185292 0.054640262519025116
0.305313 0.9433373499814143 0.05446360729483977
0.308774 0.9853298172754374 0.056888043524453855
0.311702 0.931853156850297 0.05380056709527215
0.315167 0.9164373870191754 0.05291053720909581
0.318727 0.9026756285072265 0.05211600171095618
0.322482 0.9663437211460356 0.055791880753336826
0.325759 0.9644693416570815 0.05568366340308571
0.329274 0.8936580303731775 0.05159537043994247
0.332965 0.8447993669777627 0.04877451419358367
0.336344 0.9073647311455594 0.052386727178006104
0.340209 0.8822925533316547 0.050939184317003304
0.343869 0.963848420249363 0.055647814488896524
0.347295 0.9078177745537351 0.052412883651372595
0.351105 0.9333685241077185 0.0538880568646715
0.355184 0.9967876549462222 0.05754956209080971
0.359385 0.899628862490352 0.05194009659295615
0.363671 0.7974687374093259 0.04604187902135853
0.3677 0.9854182274726738 0.056893147889571206
0.372117 0.9212267514660015 0.05318705129435804
0.376123 0.9772726888225904 0.05642286499633919
0.380077 0.960083295038137 0.05543043488347313
0.384294 0.979546983538958 0.056554171463010325
0.388641 0.8600239800822855 0.04965350764100408
0.392428 0.899627142211345 0.051939997272601374
0.397038 0.9981612125915389 0.05762886447843682
0.401167 0.9357463779082086 0.054025342317852144
0.404959 0.9340194894448665 0.05392564036593504
0.409521 0.8920761902756221 0.05150404285932862
0.414131 1.012947335496779 0.05848254168239795
0.418557 0.8966676953553666 0.05176913352870622
0.422902 0.8972869871689759 0.05180488835823565
0.427657 0.9476228649389112 0.05471103161627247
0.431936 0.9607059690316214 0.055466384983248684
0.436993 0.9945046746488527 0.057417754161885624
0.441419 0.9506738929892024 0.05488718280288654
0.445815 0.9830082965549719 0.05675401046316485
0.450967 1.095205536855541 0.0632317211521515
0.455761 0.9089620579758259 0.05247894888554992
0.461283 0.859405688022923 0.04961781053231301
0.466881 0.9480241456064283 0.05473419956641363
0.471836 0.9133377616387145 0.0527315802543162
0.477523 0.9664351720024461 0.05579716067099345
0.482757 0.9395180237143382 0.054243098389997836
0.488638 0.884834502805766 0.051085943838317764
0.494461 0.9445457217123481 0.054533372669253344
0.500121 0.9480773444451766 0.05473727100280082
0.506319 0.900228337463237 0.05197470729665291
0.512417 0.9190435727402168 0.05306100541185595
0.51848 1.0236129808587897 0.05909832300448174
0.524026 0.9488122811815431 0.054779702595058676
0.529779 0.9641674101226843 0.0556662313778196
0.536233 0.9608698242058767 0.05547584516614513
0.543612 0.9238877051853297 0.05334068152897357
0.550478 0.9313446417201123 0.05377120796054224
0.556683 0.9409928671360502 0.05432824851465163
0.563792 0.9799589900428993 0.05657795866960617
0.570858 0.9515292461391277 0.0549365666400227
0.578007 0.937448609543405 0.05412362070713252
0.584835 0.9615589939071156 0.05551563439739789
0.591809 0.9858127577299239 0.05691592610459389
0.598959 0.9961385058698212 0.057512083451409284
0.606814 0.9016265065291736 0.052055430625312024
0.614502 0.9834435967064564 0.056779142529128634
0.62299 0.9900762210195319 0.05716207727238741
0.63067 1.0099023668340468 0.058306740334687704
0.638128 1.0224459603903988 0.05903094504632422
0.646644 1.0140867849415345 0.0585483278267637
0.655137 0.954118095388616 0.055086033921131046
0.664209 0.8606393623365862 0.04968903675202159
0.673626 0.9456286407899815 0.05459589503135157
0.681904 1.0230483366791514 0.05906572325757069
0.691404 1.0213340771351636 0.05896675043665246
0.701663 0.9079232721903614 0.0524189745602631
0.711923 0.9479994543395528 0.05473277401545591
0.722009 1.0180194075486821 0.05877537789884949
0.732268 0.9689896265496757 0.055944642173041015
0.743126 0.9738143593637119 0.056223198251936196
0.753297 0.9618330712315261 0.0555314582591006
0.764201 0.9005009670373457 0.05199044757245298
0.775989 0.9717836744192243 0.05610595660200227
0.787589 1.0661005594439894 0.061551344497819786
0.79914 1.1058932646671282 0.06384877740505605
0.811347 0.8931093844675186 0.05156369435381028
0.823737 0.8967871113533398 0.051776028014563755
0.835669 0.9465551906878427 0.054649389414646345
0.848773 1.0518694184093444 0.060729709187097004
0.861925 0.9530698277594779 0.05502551216134448
0.874099 0.9702432913346649 0.056017022543149726
0.888236 0.9617799685367303 0.0555283923735871
0.903265 1.0384346005544784 0.05995404961659496
0.919311 0.9811858151411404 0.05664878944967797
0.935069 0.950374067717302 0.05486987238274239
0.952367 1.016219417061204 0.058671455399601065
0.966734 0.9681361328800684 0.05589536569305107
0.981573 1.0865318551843604 0.06273094590737939
0.998686 0.9953222816484056 0.05746495872401394
1.016271 0.8905549882212241 0.05141621621776877
1.033528 1.0075168729250126 0.05816901377963459
1.051763 0.9275828080423434 0.053554018391891584
1.069356 0.9779839338671764 0.05646392874813434
1.088167 0.947873236379369 0.05472548681812704
1.107355 0.9150806021901534 0.05283220320046899
1.128884 0.954398817395242 0.055102241413740344
1.151035 0.8889787804850007 0.05132521382168803
1.17131 0.9810209368948569 0.05663927019969044
1.19491 0.9962982055412436 0.0575213037162378
1.220354 0.9635455254460884 0.05563032684927585
1.243005 0.9364283911573862 0.0540647183711525
1.267911 0.8573822310951319 0.04950098619211763
1.29325 0.9868587273484324 0.05697631518867489
1.322392 1.0589678465326007 0.061139537125875526
1.349565 0.88215311571315 0.05093113388234542
1.380241 0.9313419526881254 0.05377105270920808
1.411945 1.0007518938869844 0.05777843753276782
1.438897 0.9296034605895922 0.053670680821100866
1.469759 0.9891390801608984 0.05710797141968734
1.50683 0.9756980361459956 0.05633195238166797
1.541294 1.00305115522172 0.05791118544782251
1.574695 0.954503673070111 0.05510829525895151
1.607288 0.9808818951017597 0.05663124261802312
1.643634 1.0303570315477026 0.05948769095254898
1.680825 0.9369427407018848 0.05409441435594989
1.716815 0.9796350638927397 0.056559256784606944
1.750918 1.0323017117743658 0.059599967117784154
1.790444 0.9682540372000216 0.055902172902137434
1.827547 0.9732471778161349 0.0561904520100189
1.868812 0.9952653519181672 0.05746167188450614
1.911084 1.1137087844504308 0.0643000066501307
1.957647 1.0058117799027337 0.05807057018809399
2.006612 1.0112143804122458 0.05838248947394307
2.062433 1.0530117955711469 0.060795664363285276
2.123973 1.0125999560833028 0.0584624857226098
2.185325 0.9273901820866624 0.05354289712715505
2.249448 1.0488215887905177 0.06055374266200963
2.320186 0.9183007597810902 0.05301811908566502
2.396868 1.0087269759223156 0.0582388791087586
2.481801 1.0536362788431868 0.06083171892180694
2.565862 0.8658054714720315 0.04998730220202282
2.675153 1.1293381321534661 0.06520236746049128
2.784167 1.006085886937368 0.05808639576511727
2.901533 1.0969572577253772 0.06333285680372602
3.022994 0.9643492520239881 0.05567673002488638
3.172709 1.0512763318132587 0.06069546731650672
3.34957 0.9520817263215591 0.05496846409822757
3.596161 0.9657422691322963 0.055757155905133124
3.917564 1.0651162649359096 0.06149451622789961
4.515861 0.9242648162243673 0.10969005312089916