-2.9212 0.8659304321657852 0.0499945168110405
-0.52015 0.9315592347507269 0.05378359749494139
-0.43523999999999996 0.9335260366605461 0.05389715085614907
-0.38544 0.899259500516393 0.05191877146944679
-0.34726999999999997 0.8659947048615935 0.04999822759686315
-0.31773 0.8705206279247341 0.05025953188674672
-0.29196 0.9192116273269613 0.0530707080479455
-0.27248 0.8457264333616732 0.048828038396214406
-0.25423 0.8486717420707046 0.04899808587381499
-0.23973 0.8904187875273658 0.05140835266704248
-0.22766999999999998 0.8797258128439649 0.05079099348585254
-0.21589999999999998 0.8423333115692173 0.04863213641818765
-0.20503 0.9402871633021027 0.054287504684801854
-0.19313 0.9490243185074443 0.05479194457577741
-0.18469 0.9275925231305487 0.053554579292770646
-0.17534 0.9356043045958671 0.054017139711339646
-0.16802 0.8396294349695619 0.04847602802992099
-0.16097 0.9974914575212104 0.05759019615142229
-0.1533 0.9705640672363456 0.05603554254846821
-0.14644 0.888703970436395 0.05130934765613419
-0.13828 1.0080564351136676 0.058200165417121044
-0.13135 0.934038789679826 0.05392675466551997
-0.12458999999999999 1.078639204971088 0.06227526353485415
-0.11968 0.8511516439785305 0.04914126307721971
-0.11494 0.8489288019612379 0.04901292723351471
-0.10998 0.861565029844718 0.04974248019052159
-0.10597 0.9030825088960608 0.05213949296115832
-0.10217 0.9369595693503455 0.054095385958421775
-0.098191 0.9917569469870735 0.057259114031366826
-0.094719 0.9702399828262844 0.056016831526329317
-0.090899 0.8849078076889311 0.05109017609772059
-0.08709499999999999 0.9091682422100571 0.05249085293786353
-0.083386 0.9188014709149682 0.05304702765645809
-0.079217 0.9618646309962293 0.0555332803629653
-0.075846 0.9792670648407882 0.05653801034943637
-0.072341 0.9545418660165073 0.05511050032973981
-0.068599 0.96189901072056 0.055535265277275
-0.065249 0.934814296673851 0.05397152858269585
-0.062209999999999994 0.9013214177356196 0.0520378163156035
-0.059396 1.0283321794151725 0.05937078606017043
-0.056881999999999995 0.9581683604502209 0.05531987608349174
-0.054863999999999996 1.0052252066059941 0.058036704363016785
-0.052925 0.8673809483610246 0.05007826240261904
-0.051024 0.8729385715607567 0.050399131927661024
-0.04899 0.9894164516421592 0.05712398546962449
-0.047129 1.0072660643202702 0.05815453333808829
-0.044934999999999996 1.0943433533268514 0.06318194296291353
-0.042983 0.9117884577459957 0.05264213115236443
-0.04113 0.984681514038817 0.05685061371963592
-0.039273999999999996 1.1142853987590033 0.064333297492758
-0.037544999999999995 0.9611485629159382 0.055491938153073884
-0.035900999999999995 0.980350596060695 0.056600568053585223
-0.03451 1.030495837501848 0.05949570491804808
-0.033253 0.9838318693095732 0.05680155945832148
-0.032135 1.0936744937598761 0.06314332633780921
-0.031252 1.0877900591096972 0.06280358834487826
-0.030265 1.0240879832530747 0.05912574728050236
-0.029467 1.050600162643272 0.06065642867127576
-0.028473 1.0229184162537424 0.059058222298312375
-0.027686 0.9994777474557311 0.05770487465426071
-0.027138 0.9150786777339754 0.052832092091939745
-0.026012 0.9626940138846399 0.05558116480635381
-0.024912999999999998 0.8889829214044784 0.05132545289778555
-0.023972999999999998 0.8905756213945863 0.05141740747458826
-0.022765 0.9450494753172285 0.05456245689719164
-0.021462 0.8913257539606574 0.05146071639848317
-0.020132999999999998 0.8364379757622598 0.048291769046676626
-0.018904 0.8427794047714797 0.04865789162122863
-0.01789 0.8253958320223632 0.04765425058061065
-0.016923 0.9475093203749951 0.05470447611781828
-0.0161 0.868310652506838 0.05013193889650425
-0.015229999999999999 0.9639910235320355 0.05565604769326035
-0.014513 0.8575358823413876 0.04950985725095633
-0.013755999999999999 0.9197039687158914 0.0530991333912887
-0.013071 0.7314966201263146 0.042232977054122905
-0.012511 0.7649066752280793 0.04416190748478732
-0.011901 0.7521637253499917 0.04342619293054894
-0.011287 0.7811055162465295 0.045097148007043536
-0.01061 0.8138093739810878 0.04698530611370218
-0.0099071 0.8097708003484102 0.046752138956305325
-0.0091462 0.8482285478561613 0.048972498043908005
-0.0083905 0.9142899713295847 0.05278655610645109
-0.0075504 0.8845021499734543 0.05106675543859766
-0.006657499999999999 0.8792120747311043 0.05076133280207724
-0.006077899999999999 0.8313614035468725 0.04799867301316519
-0.0055242 0.8450086159961366 0.048786595191292255
-0.004812100000000001 0.966223523387536 0.055784941132514254
-0.0038883 0.8892042783558 0.051338232947328796
-0.0031130999999999997 1.02448582583362 0.05914871673259965
-0.0024926999999999996 0.8639381270778417 0.049879491023157294
-0.0020856 0.9767878967597716 0.05639487551354225
-0.0018239999999999999 0.9538785194226389 0.05507220199628622
-0.0016265999999999997 0.8577232771091073 0.049520676492915104
-0.0014209000000000001 1.0212847275199963 0.05896390123529234
-0.0012414000000000001 0.9105898148631647 0.05257292747325796
-0.0011259 0.99728972426771 0.057578549076600996
-0.0010155 0.9878956959167327 0.05703618459687982
-0.00091499 0.9197209956204571 0.05310011644008215
-0.0008439999999999999 0.9458741301256831 0.05461006836475662
-0.0007885599999999999 0.8389252951761793 0.04843537449999533
-0.00072642 0.8354069157104126 0.048232240766828166
-0.00064044 0.8430606952737997 0.048674131935952124
-0.00054291 0.8541730315810918 0.0493157029717862
-0.00043113999999999994 0.7277894268527548 0.04201894215068014
-0.00034014999999999995 0.7808917190404818 0.045084804419597176
-0.00025274 0.8576208838949932 0.04951476481794191
-0.00018062 0.8533520264164512 0.04926830221650507
-0.00010229 0.7225342675544414 0.04171553538712858
-5.2161e-06 0.9477170795475176 0.054716471099236524
6.0320999999999994e-05 0.7196756366032303 0.041550492252209026
0.00011712 0.6022257560598349 0.034769520237407155
0.00015796 0.7020828235073027 0.040534770714535366
0.00020093 0.7626812229137906 0.044033420935514996
0.00023867999999999998 0.6960170272689576 0.04018456180542958
0.0002962 0.8081717710508306 0.04665981895676536
0.00035873999999999997 0.8474234363369412 0.048926014908673064
0.00047147 0.8959443398311124 0.05172737057804143
0.00060696 0.943443884604806 0.05446975807418909
0.000761 0.9009621279556733 0.0520170727104866
0.00087537 0.8559940146144772 0.04942083747623768
0.00096421 0.870733193880913 0.05027180438794877
0.0010408 0.7977860741626382 0.04606020046735339
0.0011178 0.8219264920412054 0.04745394814340747
0.0012037 0.8596168753484107 0.04963000343823498
0.001287 0.8673850732642545 0.05007850055401806
0.0013802 0.9046357389094997 0.05222916873779556
0.0014844 0.9464770680701322 0.05464487900320985
0.0015849999999999998 1.0121398125736634 0.058435919324694184
0.0017365 0.9886063499136736 0.057077214224523276
0.0019110999999999998 0.8972574590840114 0.05180318355345536
0.0020681999999999996 0.8915097590704626 0.051471339938450995
0.002211 0.8873418082464684 0.05123070318543078
0.0023383 0.7663479760369928 0.04424512102578826
0.0024919 0.8120107712812308 0.046881463738409415
0.0026926999999999997 0.8656611175250414 0.04997896792300749
0.0029219 0.9170632211531896 0.052946669759669926
0.0031808 0.7978218545430238 0.04606226624857812
0.0034624 0.8441878339087031 0.04873920731537968
0.0037734 0.8623191348527092 0.049786018463457676
0.0041036 0.9950376924372143 0.05744852795824497
0.0044663 0.9048361755460403 0.05224074095240178
0.004867399999999999 0.9135740864377259 0.05274522447294874
0.0053482 0.8541346534210129 0.049313487207680945
0.005797899999999999 0.8821978191671083 0.05093371483746307
0.0063492999999999996 0.8717442721234298 0.05033017901749765
0.0068537 0.8242318694936019 0.04758704917267995
0.0074234999999999995 0.8153989571481832 0.047077080740644366
0.0080235 0.7808175847927964 0.04508052427681144
0.0086266 0.8991656452236346 0.05191335273159289
0.009260899999999999 0.8517980419633056 0.04917858288227105
0.0098255 0.8492614191027948 0.04903213089313621
0.010487999999999999 0.877924920620761 0.05068701892486772
0.011210999999999999 0.8340862542638864 0.048155992342662136
0.012052 0.804422260392837 0.04644334085799316
0.012924999999999999 0.8065889948467753 0.04656843733001753
0.013739999999999999 0.7403597478794572 0.04274468997353681
0.014619 0.7654716467187401 0.044194526129009065
0.015406999999999999 0.7890231421714349 0.04555427235295222
0.016314 0.7876781413063637 0.045476618691801314
0.017294999999999998 0.8051688624389459 0.04648644594722302
0.018206 0.8057660401417511 0.046520924017969874
0.019199 0.780224669111396 0.045046292273985114
0.020264 0.8331388147288741 0.048101291895604116
0.021355 0.8394090700607176 0.04846330525597687
0.022666 0.8135015557241054 0.046967534218349156
0.023823999999999998 0.887267438983975 0.05122640947405878
0.024957 0.8556181418011819 0.04939913644924397
0.026022999999999998 0.9170538973473239 0.05294613144948728
0.027082 0.8275699636805001 0.04777977413041855
0.028142 0.8857670771284119 0.05113978604193965
0.029455 0.8265861061162072 0.047722971087459674
0.030695 0.9677292268116867 0.055871872960239564
0.031897999999999996 0.8840278798767899 0.05103937344179987
0.033067 0.8778080167349398 0.0506802694758729
0.034412 0.8934859677951712 0.05158543640236953
0.035663 0.8010735839572897 0.046250004933843944
0.036878999999999995 0.8390567384846509 0.048442963382948255
0.038197999999999996 0.8114182277469185 0.04684725322150524
0.039462 0.8702981203257855 0.05024668540453175
0.040803 0.845560664661323 0.04881846773583737
0.042171 0.9076175651996155 0.05240132455892307
0.04366 0.8320327566250473 0.048037433601205735
0.045138 0.8576175839203659 0.04951457429381797
0.046643 0.8597673505356632 0.04963869112722164
0.047942 0.7801546576062015 0.045042250157848074
0.049239 0.8246069344358874 0.04760870355721916
0.050582999999999996 0.8569560779625565 0.049476382229536785
0.051947999999999994 0.9083789395934357 0.05244528253004569
0.053244 0.8947230696345706 0.05165686051036875
0.054694 0.8509178985862392 0.04912776778070359
0.055962 0.9341896013834363 0.05393546178328761
0.057560999999999994 0.9542591202845728 0.05509417599729535
0.058838999999999995 0.9057226890472859 0.05229192383326022
0.060467999999999994 0.7973303023370831 0.04603388646873606
0.062083 0.9310201827389172 0.05375247531252884
0.063563 0.9843935634754523 0.05683398888610872
0.064908 0.9080131612023637 0.05242416430479077
0.06611399999999999 0.9815957491668525 0.056672457001687465
0.06747299999999999 0.8865995941647752 0.05118785143544458
0.068896 1.0088853091994021 0.05824802048477336
0.07063699999999999 0.7907158181764 0.04565199904766397
0.07227399999999999 0.7979602747984036 0.0460702579457486
0.07393799999999999 0.9142946420776672 0.05278682577221736
0.07561699999999999 0.9053074098848217 0.05226794767963647
0.07753 0.8122024253270921 0.046892528889906346
0.07929699999999999 0.8653053963811362 0.04995843035318848
0.081261 0.8019662170472516 0.04630154112932165
0.083315 0.8509582650741853 0.049130098340971776
0.08508 0.8365133628602397 0.04829612152280784
0.087119 0.9210791248131136 0.0531785280655796
0.089076 0.8403667378485264 0.04851859623148544
0.09089699999999999 0.897884638863343 0.051839393794898096
0.09276999999999999 0.8285199499972872 0.0478346216159909
0.094585 0.88860182479621 0.05130345027484844
0.096762 0.7798214032192128 0.04502300970684441
0.098825 0.8890120083069617 0.05132713223088341
0.10125999999999999 0.812715219453922 0.04692213507262276
0.10354999999999999 0.8295814710407041 0.04789590856200762
0.10549 0.8387127320637802 0.04842310216297899
0.10746 0.9324859278880657 0.053837100148171266
0.1098 0.9418392803559298 0.054377116204685945
0.11212 0.8891847398014323 0.051337104888366424
0.11452999999999999 0.8917193457341758 0.05148344043012233
0.11681 0.8884954749329127 0.051297310162628146
0.11925 0.8274163501413923 0.04777090524860304
0.12161999999999999 0.8887949567851181 0.051314600755426966
0.12405 0.9358301993594803 0.054030181751597704
0.12625999999999998 0.908020566413851 0.05242459184487533
0.12897999999999998 0.851897974331305 0.04918435248022758
0.13185 0.9000325928571062 0.05196340597654871
0.13463999999999998 0.9022420258673064 0.05209096765086826
0.13737 0.7974903054378505 0.046043124252065984
0.14027 0.7659185674418926 0.044220329108990916
0.14307999999999998 0.9206745014590685 0.05315516712534176
0.14618 0.8643211160540468 0.049901602902008166
0.14948 0.9034634595292794 0.052161487156222
0.15297 0.8766766629094136 0.05061495073230127
0.15636 0.8663341268860787 0.05001782413658369
0.16033 0.9239935521997759 0.05334679260920191
0.16436 0.7920021063345908 0.04572626292910265
0.1679 0.7655393439294952 0.04419843462929435
0.17127 0.9067893944883701 0.05235351010061582
0.17565 0.9068894808828002 0.05235928859129246
0.17965 0.9124124520824087 0.05267815748217451
0.18442999999999998 0.9394329930828421 0.05423818914419947
0.18894999999999998 0.891274833934254 0.05145777652938805
0.19288 0.8800689537679217 0.05081080473633419
0.1972 0.8687683093241276 0.05015836172517011
0.20121 0.9182240495415016 0.053013690217917415
0.20559 0.8743229715885323 0.05047906030053126
0.21009 0.909572124961039 0.05251417111936357
0.21463 0.9736712927739196 0.05621493829852334
0.22019999999999998 0.958011747227572 0.055310834014866236
0.22544 0.8221337855407597 0.047465916239184364
0.23029999999999998 0.86196957699105 0.04976583673090505
0.23485999999999999 0.8656843896461413 0.04998031153954565
0.23987999999999998 0.8026547847889008 0.0463412956064213
0.24516 0.7847705199761742 0.04530874709603267
0.25053 0.8885841985153671 0.0513024326210495
0.25587 0.8670012946003574 0.05005634308252703
0.26105 0.8483028787852458 0.04897678954209961
0.26672 0.8173941411601383 0.04719227274328288
0.27266999999999997 0.7837877389401144 0.04525200620646032
0.27837999999999996 0.8294249092038043 0.04788686946013973
0.28389 0.8446578223146624 0.04876634210864934
0.28956 0.8330758560152269 0.04809765697257691
0.29475 0.7982649989407882 0.046087851202312034
0.30034 0.8730998162684883 0.050408441395202445
0.30601 0.8370761892763218 0.04832861632109105
0.31198 0.8553373788085206 0.04938292659030482
0.31814 0.8912100790590137 0.051454037904922915
0.32466 0.8612308504799756 0.04972318633590242
0.33160999999999996 0.8839167917715919 0.051032959767055894
0.33799999999999997 0.8159462717437375 0.04710867996355183
0.34457 0.8652412615210531 0.049954727525315136
0.35094 0.9255077433099798 0.05343421447370998
0.35785 0.9353930479682611 0.054004942804258
0.36473 0.9578533431613357 0.055301688551838014
0.37162999999999996 0.8598158619487773 0.049641491934963665
0.37811 0.8334171067558076 0.04811735909327045
0.38461 0.9737163646839683 0.056217540526463286
0.39139999999999997 0.96551178456906 0.05574384887267027
0.39944999999999997 0.8708744481969807 0.050279959709689355
0.40703 0.9280294902486205 0.053579807601095215
0.4133 0.8285548402242671 0.04783663600418479
0.42067 0.8916591716194614 0.05147996627598947
0.4284 0.8624796441221738 0.049795285470450965
0.43632 0.8375920593814437 0.048358400095496946
0.44443 0.9037741972690865 0.052179427607994495
0.45227999999999996 0.8934394537100728 0.05158275091041427
0.45983999999999997 0.9135434433008497 0.05274345529061632
0.46826999999999996 0.8321065012216725 0.04804169124747702
0.47615999999999997 0.8085808720860342 0.04668343841604542
0.48489 0.8505153003069816 0.04910452375821312
0.49366 0.9094293238493106 0.05250592649333388
0.50178 0.9360838344486733 0.05404482538029985
0.5111399999999999 0.9496227118132097 0.0548264928293939
0.52029 0.8817375317258245 0.05090714012965009
0.52882 0.8551660067025488 0.049373032417153385
0.5384 0.8861787716275225 0.051163555234928194
0.54823 0.9600967135393296 0.05543120960100069
0.55853 0.9480216230457201 0.05473405392630324
0.5676599999999999 0.9570378156470524 0.05525460404884771
0.57745 1.0022664890173865 0.05786588272339291
0.58639 0.9205799273934265 0.05314970688911609
0.5966199999999999 0.8769304534977702 0.05062960333875182
0.60719 0.8335668314968038 0.048126003455222305
0.61657 0.9586102116784709 0.055345386376048925
0.62646 0.9007108023286713 0.05200256241864621
0.63686 0.9249386783774194 0.05340135949450997
0.64757 0.9346562977334836 0.05396240650962057
0.6579499999999999 0.8777054035536167 0.05067434510108697
0.66767 0.912902118358143 0.052706428377785344
0.67858 0.9430592752599515 0.05444755264331063
0.68891 0.9208693464583197 0.05316641650661856
0.7003499999999999 0.8954399760970053 0.051698251124275806
0.71287 0.7899817351406333 0.04560961674383322
0.72471 0.9626086538070476 0.05557623653997622
0.7362599999999999 0.8441700642538639 0.04873818138387919
0.74791 0.9114316355523311 0.05262153001340792
0.76011 0.9371604705348134 0.054106984993715086
0.77262 1.0336269644292364 0.05967648061548753
0.78318 0.9359335375646007 0.05403614798565209
0.7953 0.902754784796469 0.0521205718014464
0.80753 0.8709556985157852 0.050284650699032714
0.82062 0.9581348125248641 0.055317939193118185
0.8328 0.9820264062709256 0.056697321001183965
0.84451 0.857416514125098 0.04950296552377558
0.85542 0.7970780925933685 0.04601932513239347
0.86874 0.9019315374277963 0.05207304159245512
0.88194 1.0061023990338183 0.058087349091450316
0.8938699999999999 0.9797959106213452 0.05656854327481281
0.9071899999999999 1.0013451278879912 0.057812687913785195
0.92109 0.8367807804136748 0.04831156088245402
0.93375 1.0278073780595998 0.05934048663977933
0.94646 0.876688034210236 0.050615607254660355
0.9597 0.776296994224642 0.04481952785866944
0.9722299999999999 0.933351399290773 0.053887068162904166
0.9859699999999999 0.9025085028489503 0.05210635270657676
0.99993 0.8882602101397074 0.05128372714345936
1.0144 0.9942649507731756 0.057403913697470284
1.0277 0.8427951394893967 0.04865880006559113
1.0405 0.8566728866418147 0.04946003217101055
1.0536999999999999 0.9805127905976563 0.05660993235954279
1.0697999999999999 0.9226953113367041 0.05327183863802516
1.0827 0.9283809801415338 0.05360010087952431
1.0960999999999999 0.8636836735799762 0.04986480014360841
1.1105 0.9572144641524284 0.05526480285506079
1.1243999999999998 0.9118074067269933 0.05264322517229241
1.1387 0.9063518247450776 0.0523282469997079
1.1527 0.8946101067812005 0.05165033859698859
1.166 0.8581767651829919 0.049546858639068256
1.1804999999999999 0.8907047317741109 0.05142486166582563
1.1968999999999999 0.8905782668043022 0.05141756020738942
1.2133 0.9185767890208422 0.05303405564125253
1.2270999999999999 0.9431163021845729 0.05445084509433876
1.242 0.9387292480448288 0.05419755840548569
1.2574999999999998 0.8932381788698048 0.05157113030209329
1.2736999999999998 0.924543043151853 0.053378517484111807
1.2886 0.9566564244249692 0.05523258441637408
1.3058999999999998 0.9748519615875131 0.05628310424425853
1.3222 0.9988044425518775 0.05766600137751205
1.3389 1.062987063463255 0.06137158672356
1.3541999999999998 0.9032829812702837 0.0521510672390806
1.3721999999999999 0.885310586577028 0.05111343054766725
1.3898 0.9749732477340269 0.05629010670319241
1.4075 0.916587150282732 0.05291918379514872
1.4248999999999998 0.8902391195333178 0.05139797953056964
1.442 0.8776878070423902 0.050673329166037624
1.4605 0.8791376802449303 0.05075703763441536
1.4787 0.932849579631823 0.05385809559138622
1.4974999999999998 0.9427421312737773 0.05442924232673168
1.5158 0.923058166985128 0.053292788118654615
1.5343 0.9670018373775519 0.05582987711167922
1.553 0.9592796896654565 0.055384038705649195
1.573 0.998421230306447 0.05764387660820645
1.5917999999999999 0.9165486675996223 0.05291696199640347
1.6083999999999998 0.880270122751288 0.0508224192330041
1.6249 0.9413083122830989 0.054346460748707935
1.6449 0.8452858019243522 0.048802598528319335
1.6647999999999998 0.9602886851468087 0.05544229308692617
1.6855 0.9173120449536522 0.05296103560848771
1.708 0.9462045889294376 0.05462914741268699
1.7288999999999999 0.9432138462145362 0.05445647680153447
1.7501 0.950736229108783 0.05489078178042855
1.7723 0.9485953996861275 0.05476718093608263
1.7931 0.9280325709190282 0.053579985463684136
1.8127 0.9555275171611297 0.05516740692510729
1.833 0.898121403187077 0.051853063389502324
1.8536 0.9885976328393768 0.0570767109440041
1.875 0.966950021918738 0.055826885544769785
1.8967999999999998 0.9842854363717721 0.056827746164867084
1.9159 0.9278488664178836 0.05356937927936541
1.9363 0.923015336530854 0.053290315301224155
1.9588999999999999 0.8892088227949301 0.05133849532064431
1.9783 1.04340375757434 0.06024094403090122
2.003 0.9816974124396233 0.05667832653347755
2.0257 0.9500267359976508 0.05484981917655851
2.0467 0.8645041559941289 0.04991217071787605
2.0688 0.8759533515163317 0.05057319032955089
2.0896 1.0118479111153573 0.0584190663861412
2.1113 0.8709429033932623 0.050283911972289416
2.1351999999999998 1.006241515373017 0.058095380977038834
2.1578999999999997 0.9881929802625209 0.05705334831658649
2.1806 0.8968242023055323 0.05177816946168704
2.2037999999999998 0.9959800508216975 0.05750293504494042
2.2266 0.8943007637365945 0.05163247866798107
2.2502999999999997 0.9358640812186356 0.0540321379216481
2.2727 0.958994107549879 0.05536755061451875
2.2973 0.9263401637759116 0.05348227429171845
2.3236 0.9176857015369354 0.052982608681382014
2.3502 0.8489730836869941 0.049015483840143266
2.374 0.9955118223278566 0.05747590186024429
2.3992999999999998 0.9836148461165157 0.056789029618428265
2.4257999999999997 0.9359241973476773 0.05403560872797659
2.4535 0.8930449311225902 0.051559973138205824
2.4804 0.8317695125841487 0.0480222351994182
2.508 1.0314466854351876 0.059550602149075274
2.5326 1.0205588820037914 0.058921994524875246
2.5584 0.923535081444584 0.05332032278780934
2.5804 0.9984390200519206 0.057644903699640246
2.6113999999999997 0.8718632388966457 0.05033704756735174
2.6362 0.9502376129672553 0.05486199416407522
2.6637999999999997 1.024882618872781 0.05917162558939687
2.6877999999999997 0.9720237737004123 0.056119818740464886
2.7176 0.8886016292279122 0.05130343898370751
2.7441 0.9612399190073209 0.05549721259946907
2.7731999999999997 0.955012428942035 0.055137668292912216
2.8061 0.994472121383715 0.0574158746982466
2.8359 1.015768056207481 0.058645396068561194
2.8625 1.0327568171707098 0.05962624264009304
2.8925 0.945572704569477 0.054592665552154994
2.9234999999999998 1.0179416451977044 0.05877088828742251
2.9547999999999996 1.0074428919543676 0.05816474248630292
2.985 0.8513406773439537 0.049152176923660994
3.0187999999999997 1.0016413135032511 0.05782978819825523
3.0488 0.984626664832482 0.05684744699923168
3.0795 0.9161200736341905 0.05289221711227196
3.1081 1.0513011378199562 0.06069689949197115
3.145 0.9761470463994814 0.05635787600073986
3.1784 0.9636074944950925 0.05563390463398824
3.2104999999999997 0.9674795772779047 0.05585745943768636
3.246 0.9579442599655829 0.055306937635978604
3.2809999999999997 0.9295928404359437 0.05367006766624409
3.3135 0.919749951149612 0.05310178818833736
3.3474 0.9184095591260005 0.053024400618772186
3.3815 0.983120522633162 0.05676048983881016
3.4175 1.0826126755803953 0.06250467196744422
3.4499999999999997 1.0770467717760746 0.0621833243614734
3.4852999999999996 1.0250551789898008 0.059181588352398146
3.5235 0.9885805379312061 0.057075723969020685
3.5576 0.9748222358927946 0.05628138803047378
3.5959 0.9576702497492119 0.05529111764876036
3.6296 0.8956052187899954 0.05170779141560375
3.6653 1.035882044134952 0.05980667770300143
3.7026 0.9932484246889878 0.057345224536635875
3.7386999999999997 0.9729571657349203 0.05617370815470315
3.775 0.885581210344521 0.051129055018168376
3.815 1.0583619691597985 0.0611045567794472
3.8531 0.9940764223373809 0.05739302900315469
3.8949 0.954733401885196 0.0551215586582745
3.9356 1.0231112186332598 0.059069353748883856
3.9736 0.9242812760382719 0.053363404352762704
4.0127999999999995 0.9857572794429104 0.05691272306419974
4.0531999999999995 1.0234431464646128 0.05908851761116217
4.0935 1.0554057605103422 0.06093387999349277
4.1333 0.9858591803206588 0.05691860631411961
4.177099999999999 1.0377726661241944 0.05991583281444392
4.2199 0.9849292511104115 0.056864916826133254
4.26 1.0140996486114762 0.05854907051109406
4.3050999999999995 0.9453093311046107 0.0545774596780712
4.3534 0.9820647419770823 0.056699534314210875
4.3959 1.0418552059252677 0.060151538359756625
4.4403 1.008342712998071 0.05821669367848339
4.4858 0.9034855256742247 0.05216276114569441
4.5283999999999995 0.9816715769814027 0.056676834922601727
4.5708 0.9870038807778121 0.0569846956258275
4.6175999999999995 0.9956103979272476 0.057481593125128676
4.6636999999999995 1.055876853200027 0.060961078542613054
4.713299999999999 1.0103175125987638 0.058330708786588935
4.7676 1.074598570223244 0.06204197737891768
4.8214 0.9946158578074484 0.057424173324540084
4.8755 0.9447943541374657 0.05454772746901044
4.9317 0.9839719405427865 0.05680964647474161
4.9805 1.1278065268525164 0.06511394018721171
5.035299999999999 0.9233696160445187 0.05331076963848242
5.0924 1.0397497832603733 0.06002998172552315
5.1438 1.0150207014842856 0.0586022475234995
5.2005 0.9584069813445563 0.055333652867249616
5.263 0.9495751761766523 0.05482374835813765
5.3172999999999995 1.130150593134348 0.0652492749170931
5.3663 0.9923374759826551 0.057292630888553964
5.4201999999999995 1.0058049067999784 0.05807017336932139
5.4817 1.1759489682087259 0.06789344533485704
5.5409 1.075614902581219 0.06210065535496398
5.5907 0.9829224123127904 0.05674905193413058
5.6487 0.9771555385056041 0.05641610131963442
5.7051 0.9061377536340017 0.05231588759834736
5.7608 0.9675173844896777 0.0558596422380758
5.8218 1.005142263951794 0.058031915666643806
5.8915 1.0505586730347547 0.06065403326761116
5.9620999999999995 0.9841342186910856 0.056819015608002024
6.031499999999999 1.0281230551410083 0.05935871226457216
6.098599999999999 0.9213615041543572 0.05319483124444766
6.1739 0.9699833516962598 0.0560020149211291
6.241 0.9647217977780669 0.055698238964026654
6.3134999999999994 0.9865933296791125 0.056960992447092476
6.3797999999999995 1.0286997131589688 0.05939200563076214
6.4474 1.0239448021932236 0.05911748071815757
6.516299999999999 0.9867217516560313 0.056968406893386864
6.6015999999999995 0.9636943717046578 0.05563892049202114
6.6823 1.0962979338731667 0.06329479072337033
6.7599 1.1759520026127308 0.06789362052625396
6.8343 1.1051019291108757 0.06380308962541388
6.919099999999999 1.0434035423861545 0.060240931607005534
7.0009 1.0020716513854309 0.05785463376746713
7.0775 1.0721720668523713 0.061901883141481394
7.166799999999999 1.0369307531126113 0.059867224944056746
7.2566999999999995 1.0869825289850774 0.06275696557139546
7.353 1.0371130090251803 0.05987774749407506
7.4353 0.8773391053691316 0.050653196865545355
7.5085999999999995 0.9925637053063826 0.05730569224464923
7.5941 1.015410481487664 0.05862475148248703
7.6823 1.1311199586577532 0.0653052412616812
7.7768 0.9600916799402295 0.05543091898602115
7.8782 1.0661186924683301 0.061552391408468216
7.971299999999999 0.954338059167994 0.11325909043368955
