-7.9966 0.9622396114590749 0.05555492987008177
-7.7368 1.0520725549133503 0.06074143727862401
-7.431699999999999 1.0134789196763576 0.05851323270931561
-7.143599999999999 1.0423249018099952 0.06017865626430509
-6.9243999999999994 1.0006345378605932 0.05777166197942502
-6.688 0.9710428973634182 0.05606318781874436
-6.4697 1.0531134586208606 0.06080153388219716
-6.2542 1.0216838321865016 0.058986943553956506
-6.0737 0.893385550239793 0.05157963879210664
-5.896 1.0249755738561979 0.05917699234786669
-5.7199 1.0463410505581299 0.060410528720389205
-5.5377 1.1177512261221276 0.06453339712886445
-5.368799999999999 1.163196285820647 0.06715716887389234
-5.2298 1.0652982204254335 0.06150502143298533
-5.0823 1.042478887234283 0.060187546616921474
-4.9471 1.0019580327994724 0.05784807399534832
-4.8171 1.0235292296575582 0.05909348762662415
-4.6808 1.00314994459339 0.05791688905485518
-4.5552 1.0843789958510914 0.06260665051582037
-4.4434 1.160417322053745 0.06699672532600343
-4.3304 1.011824267525152 0.05841770132282424
-4.231199999999999 0.9596544138118248 0.05540567341432695
-4.1273 1.0494275744588533 0.06058872926088349
-4.021199999999999 1.049091850251617 0.06056934621474137
-3.9229 0.9505345329176564 0.05487913684540441
-3.8320999999999996 0.9773450360184858 0.05642704196364172
-3.7371999999999996 1.0151558802611482 0.058610052073820536
-3.6515 1.1019417897212478 0.06362063889268603
-3.5749999999999997 0.9916080486869006 0.057250517383998153
-3.4939999999999998 1.0519796752381791 0.06073607486807778
-3.417 1.0885077718306866 0.06284502550814466
-3.3329 0.9765204614802977 0.05637943513048274
-3.2554 1.0240055359892317 0.059120987185504986
-3.1871 0.9780269986783613 0.05646641509616736
-3.1167 1.0102277612253554 0.05832552698862919
-3.042 1.0491019468436085 0.06056992914175178
-2.9785999999999997 1.068525113214435 0.06169132617502294
-2.911 1.061241610708413 0.061270812961773426
-2.8472 0.9233777179670394 0.05331123740319725
-2.7851999999999997 0.9772202820289398 0.05641983928869704
-2.7195 0.960618963310307 0.05546136170558649
-2.6668 0.9655036180656306 0.05574337737937494
-2.6126 1.0426875517443221 0.06019959386802562
-2.5606999999999998 1.0169939348203234 0.05871617220327304
-2.5088999999999997 1.02737401020674 0.059315466135128656
-2.4533 1.0013664772792936 0.057813920521466736
-2.4023 0.9757080450980792 0.05633253024878595
-2.3527 1.0256096326453508 0.05921359974912664
-2.3003 0.9658755716894976 0.055764852131861505
-2.2584 0.991025911285944 0.05721690766548339
-2.2111 1.076452949994566 0.06214904004493294
-2.1715 0.9405998268340081 0.05430555632223299
-2.1289 0.9882518768632998 0.0570567487134179
-2.0879 0.9405149096250364 0.054300653624887125
-2.0494 0.9485145524281309 0.05476251321746587
-2.0086999999999997 0.9064968710689048 0.05233662125311856
-1.9688999999999999 0.9640990191294081 0.05566228282198179
-1.9297 1.0120330104148574 0.05842975309918052
-1.8915 0.9641769160202271 0.05566678020107013
-1.8491 0.9888119783082872 0.05708908618542159
-1.8143 1.0283370937279728 0.05937106978815224
-1.7744 0.9665048279410912 0.05580118225848619
-1.7373999999999998 0.9791122028874485 0.05652906939039158
-1.7014 1.0778766157923976 0.06223123542809435
-1.6723 0.9863262195838085 0.05694557083854977
-1.6368 0.997258727283625 0.057576759464890444
-1.6042999999999998 1.0092695594783694 0.05827020518497315
-1.5716999999999999 0.9814283700862884 0.05666279336596542
-1.5357999999999998 0.981344356518035 0.05665794284034075
-1.5062 0.9296688426696775 0.053674455657254615
-1.4769999999999999 1.0086483105563009 0.058234337361734154
-1.444 0.9581319279300555 0.05531777265095926
-1.4124999999999999 0.9823067710615767 0.056713507869919334
-1.3828 0.9057483939651747 0.05229340790738648
-1.3498999999999999 0.9717160123578658 0.056102050131068344
-1.3199999999999998 1.0143739210555003 0.058564905638032926
-1.2913 0.9669175181713209 0.05582500894003769
-1.2654999999999998 0.9429167739267769 0.054439325325003805
-1.2383 0.9872638665699016 0.05699970591253234
-1.212 0.8566856450463813 0.04946076877784164
-1.1844 0.9732888616803682 0.0561928586290425
-1.1585999999999999 1.040483219605072 0.06007232669262767
-1.1332 1.0109701828086979 0.05836839071872869
-1.1076 1.0279588595618963 0.05934923242839214
-1.0853 0.967135757633798 0.05583760900127859
-1.0614 0.9899352415005942 0.05715393781606652
-1.0374999999999999 0.9148995058471701 0.05282174759823192
-1.0132999999999999 0.9293520089596983 0.053656163254480124
-0.98849 0.9821241132818074 0.0567029621180874
-0.96592 0.9364882705739533 0.0540681755108799
-0.9436899999999999 0.8978172588981894 0.051835503610796155
-0.92338 1.0048708077046833 0.058016243132909553
-0.9028299999999999 1.0080926619808557 0.05820225697627334
-0.8849699999999999 0.9875581435807024 0.057016696003672554
-0.86546 0.792023780866617 0.04572751430879264
-0.8459899999999999 0.9381825249597495 0.054165993333451415
-0.82658 0.8521542845844396 0.04919915055959191
-0.80767 0.8853238306172488 0.051114195192685924
-0.79035 0.980834509861097 0.05662850682987789
-0.77377 0.9681968431664068 0.055898870803067074
-0.75796 0.9389239483739596 0.05420879943422918
-0.74312 0.8787934549942495 0.05073716378030112
-0.7277699999999999 0.9244304728910006 0.05337201823707122
-0.71351 0.980418974431446 0.05660451588066121
-0.69768 0.8405307618738662 0.048528066163003786
-0.68409 0.8781929246651334 0.05070249214558395
-0.6697299999999999 0.9519563888473671 0.05496122773578114
-0.65603 0.9931625287555365 0.05734026533260583
-0.64077 0.8362829371722528 0.0482828178895091
-0.62735 0.9208232893184748 0.0531637573964098
-0.61459 0.936927895728864 0.05409355728103292
-0.60259 0.957327086087641 0.05527130508552196
-0.5886399999999999 0.9502621342151815 0.054863409898984326
-0.5751 0.8699695289592816 0.050227714173141313
-0.56245 1.0152075580226307 0.058613035690770844
-0.54919 1.0799553516015916 0.06235125129599558
-0.5375099999999999 0.9450361292055471 0.054561686359074456
-0.52515 0.9324363418463532 0.053834237296718185
-0.51289 0.9243369424384613 0.05336661825387612
-0.50051 0.8763258429560274 0.05059469613284881
-0.48866 0.9469551465605005 0.05467248087772064
-0.47785999999999995 0.8405599254321058 0.0485297499218238
-0.46717 0.8627569566570382 0.04981129611711633
-0.45644999999999997 0.9165957425617923 0.052919679870611566
-0.44512999999999997 0.9544982199514084 0.055107980422996417
-0.43583 0.906821275312745 0.052355350740869305
-0.42597999999999997 0.8655584123060265 0.049973038234422944
-0.41507 0.8076128055495746 0.046627547068503576
-0.4058 0.991016523829253 0.057216365680418636
-0.39631 0.921483087348196 0.05320185085341683
-0.38552 0.8759810535214114 0.05057478970555988
-0.37790999999999997 0.939900265484176 0.054265167128868974
-0.36973999999999996 0.8761490887811675 0.05058449122580523
-0.3614 0.886280238051795 0.05116941340166494
-0.35369 0.8360913463056523 0.04827175638566849
-0.34534 0.8593671192366028 0.04961558376239658
-0.33803 0.876805982094324 0.05062241697892321
-0.33016999999999996 0.8874924181681779 0.05123939865331494
-0.3231 0.90974077284115 0.052523908009261606
-0.3155 0.8465240763317345 0.04887409033456262
-0.30783 0.9110473230085563 0.052599341718347785
-0.30015 0.9413448779385609 0.05434857186781035
-0.29247 0.8989358488778092 0.05190008543338078
-0.28542 0.8533168201948321 0.04926626958435218
-0.27865999999999996 0.9115948975230194 0.05263095594768045
-0.27198 1.0110774364351283 0.058374583009737795
-0.26494999999999996 0.8838838559963779 0.05103105821918731
-0.25855 0.8639981360547679 0.04988295564305551
-0.25251999999999997 0.8846449545488844 0.05107500026460426
-0.24583 0.9255257635514361 0.053435254872835555
-0.24062 0.9947210695337936 0.05743024772639281
-0.235 0.9591859685345506 0.055378627713633465
-0.22854 0.8570194271884187 0.04948003969879724
-0.2224 0.9311811576152403 0.05376176920134663
-0.21664 0.916316950346323 0.05290358379454665
-0.21134999999999998 0.9178026947662535 0.05298936328862604
-0.20607 0.9096082980916419 0.052516259576032676
-0.20126 0.939895935854226 0.05426491715756726
-0.19643 1.017864999646036 0.05876646315443372
-0.19180999999999998 0.9427114911115526 0.05442747331614083
-0.18678999999999998 0.8212389209626811 0.04741425120868017
-0.18172 0.9155096721214696 0.052856975564503646
-0.17704 0.9080989712233528 0.052429118548662494
-0.17226999999999998 1.0039372005184282 0.057962341296879376
-0.16763 0.8997062802403523 0.05194456630883642
-0.16243 0.9619566371151772 0.05553859233871947
-0.15714999999999998 0.9261367456606274 0.05347052994135672
-0.15236 0.9120075779393615 0.052654782062626894
-0.14709 0.9566108230326181 0.05522995161875915
-0.14224 0.9137122086763309 0.05275319896411271
-0.13796999999999998 0.9307137662074048 0.05373478434583355
-0.13338 0.9062567559000686 0.05232275819738215
-0.12904 0.9848438598515024 0.05685998675950149
-0.12531 0.979926767018813 0.05657609827244313
-0.12192 0.8910426063157525 0.05144436886158254
-0.11832 0.9445664030519948 0.05453456670695457
-0.11510999999999999 0.8154039688987078 0.04707737009419581
-0.11177999999999999 0.9722451789136786 0.05613260157641281
-0.10907 0.8101550646479896 0.04677432446598554
-0.10643999999999999 0.975686956993275 0.056331312726487406
-0.10364999999999999 0.9513761376804587 0.054927726919039924
-0.1007 0.9402776758064203 0.054286956923983234
-0.097993 0.9294038799282996 0.05365915802624864
-0.095385 0.9695086861978077 0.05597461009579847
-0.092483 0.9366056166310076 0.05407495048864276
-0.089556 0.9174926920488615 0.05297146527339246
-0.086757 0.965663656553835 0.05575261720579949
-0.083798 0.9760382081452186 0.05635159222120019
-0.081106 0.9657705211407521 0.05575878703560184
-0.07871 0.9691735356255513 0.055955260168487335
-0.076356 1.008789037923453 0.05824246226006491
-0.073886 0.9511528081494495 0.054914832982555305
-0.071434 0.8543650490970462 0.04932678910823874
-0.069245 0.9796386337557281 0.05655946289074268
-0.066829 0.9145042196994836 0.05279892574185455
-0.064703 0.9252833222427865 0.0534212575173544
-0.062573 0.9744761138454 0.05626140466475021
-0.060925 0.9653384391364225 0.05573384076945066
-0.059086 0.999725164371116 0.057719159276530665
-0.057273 0.9579798230700365 0.05530899087277156
-0.055355999999999995 0.8486647282637356 0.04899768093148083
-0.053628999999999996 0.9751403268632568 0.05629975302121609
-0.051912 0.9780728963501997 0.056469064999486465
-0.050489 1.0344390459527653 0.059723366164108865
-0.048962 0.9439841417534551 0.05450094983520951
-0.047193 1.0319773705665418 0.05958124126941951
-0.045737 1.0844660266574655 0.06261167524176915
-0.044143999999999996 0.9567942465988492 0.05524054158329307
-0.042794 0.9199763756699234 0.05311486081411265
-0.041396999999999996 0.9983199210532574 0.057638027515746405
-0.040049 0.9816085340029069 0.05667319513454122
-0.038535 0.9441499346611559 0.05451052189319859
-0.037107999999999995 1.016188438112966 0.05866966682919062
-0.035754 0.9233034888666696 0.05330695178408923
-0.034663 1.0112921857909063 0.058386981569574475
-0.033447 0.9879675444980875 0.05704033277665844
-0.032452999999999996 1.0950027591815392 0.06322001377768445
-0.031514 1.0147822171496304 0.05858847862401843
-0.030608 1.061231399593155 0.06127022342275913
-0.029806 0.9635468279664454 0.05563040205032373
-0.028898999999999998 0.9374963645395045 0.054126377843117836
-0.028029 0.9432083327700339 0.054456158482667716
-0.027496999999999997 0.8546453888777275 0.04934297453302283
-0.026646 0.9233213627288357 0.05330798373200253
-0.025620999999999998 0.899794545811017 0.05194966232393477
-0.024690999999999998 0.9224975273735261 0.05326041957558694
-0.023694 0.8879952151898137 0.051268427652893855
-0.022564999999999998 0.9357738817234171 0.054026930251363584
-0.021193 0.9260138595810715 0.05346343511024559
-0.019951999999999998 0.8654720337147623 0.04996805116413108
-0.018775999999999998 0.8543577664964744 0.04932636864709869
-0.017785 0.8860606501916346 0.051156735490647504
-0.016958 0.9325660768056346 0.05384172754808463
-0.016165 0.8432607335225955 0.04868568114963117
-0.015333 0.9554231537646037 0.055161381501599514
-0.014653999999999999 0.8777622225539593 0.05067762554760125
-0.013864999999999999 0.9020855659940032 0.05208193443587136
-0.013189999999999999 0.8097881457677492 0.04675314039455778
-0.012653999999999999 0.7508825046052364 0.04335222161636136
-0.012033 0.7654412780119829 0.04419277279090695
-0.011498 0.8493382834449412 0.049036568657999144
-0.010794 0.8000274679998063 0.04618960740087828
-0.010071 0.8352104967991432 0.048220900515698634
-0.0093949 0.8288452694263211 0.04785340394198343
-0.0086852 0.8796470910594495 0.05078644848150444
-0.0079293 0.9083647760074779 0.05244446479502914
-0.007064899999999999 0.8347970449585788 0.048197029862553954
-0.0063378 0.8293586796728127 0.0478830456963851
-0.0058658 0.8125199101658963 0.046910858885621076
-0.0052845 0.8823186914928889 0.05094069340444577
-0.0044843999999999995 0.9606028068156813 0.05546042890993436
-0.0035875 0.8881873113746515 0.05127951833129649
-0.0029170999999999997 1.0033321715735741 0.05792740993446147
-0.0024016 0.9304414821197194 0.053719064016701436
-0.0020044 0.965653311560147 0.05575201993731044
-0.0017729999999999998 0.9242909790196471 0.053363964554653594
-0.0015757 0.8988426221727845 0.05189470298705662
-0.0013640999999999998 0.9570961345671671 0.055257971093270415
-0.001212 0.9786629662007764 0.056503132698193584
-0.0011125 0.9135174359607114 0.052741953756133345
-0.00099409 1.0104812367964793 0.05834016140755132
-0.0009015599999999999 0.9234328893150473 0.05331442272245964
-0.0008354699999999999 0.9129572476123538 0.05270961126676122
-0.0007749199999999999 0.8499803289768887 0.04907363717406933
-0.0007134299999999999 0.8381466917320635 0.04839042180919011
-0.00063171 0.8369898118099636 0.048323629315745666
-0.0005250299999999999 0.8324733146692702 0.048062869231748316
-0.00041632999999999997 0.7204755158426726 0.041596673301630145
-0.00032479 0.7692241627601236 0.04441117774367218
-0.00024068999999999997 0.8673910842243454 0.05007884759696071
-0.00017153999999999997 0.8545044889595095 0.049334839672451634
-9.054399999999999e-05 0.757345056233296 0.043725337208572565
9.724e-06 0.9606441244701165 0.055462814385825406
6.5306e-05 0.6841203655182354 0.039497707719005834
0.00012193999999999999 0.6147589037241494 0.03549312185518569
0.00016434999999999998 0.6799590551249419 0.039257454351430875
0.00020531 0.7492465655946523 0.04325777063354751
0.00024159 0.7079892075579372 0.04087577595669248
0.00030139999999999995 0.8035881412134044 0.046395182964714995
0.00036775999999999996 0.8704858699334255 0.05025752513318287
0.00049319 0.8730150535925487 0.05040354761982535
0.00063366 0.9590826016556183 0.05537265982409578
0.0007740599999999999 0.8454201015578588 0.04881035232127505
0.00089091 0.8495573930207125 0.049049218955254506
0.00097425 0.8449711020081854 0.048784429320188054
0.0010511 0.8305625355944977 0.04795255035043013
0.0011312999999999998 0.782725071564163 0.045190653076903856
0.0012161 0.887539022335746 0.05124208934618402
0.0013049000000000001 0.9149778875616867 0.05282627296862949
0.0013965 0.898895842395172 0.05189777565802879
0.0015027999999999999 0.9904422341143784 0.057183209048271066
0.0016064999999999999 0.9743452850908266 0.05625385126308314
0.0017722 0.9540093955529143 0.05507975813319072
0.0019340999999999998 0.8989858639638656 0.05190297305572061
0.0020874 0.8906440276784277 0.051421356913227266
0.002222 0.8616453279913755 0.0497471162061804
0.0023495 0.7454257029377485 0.0430371730251975
0.0025088000000000003 0.8460107156458321 0.0488444514415429
0.0027256 0.9033378197762234 0.05215423334169722
0.0029530999999999997 0.8997170819766503 0.051945189947372364
0.0032236999999999995 0.7782750766787625 0.04493373250240601
0.0035021999999999996 0.8304957218419996 0.0479486928566311
0.0038108 0.8488519492518368 0.04900849014026865
0.0041166 0.8613095519725017 0.049727730168691975
0.004491 0.9074955792080128 0.05239428169441415
0.0048691 0.8573347467455451 0.04949824468191601
0.0053421 0.9007468215688721 0.052004641990448804
0.0057876 0.8648711300990037 0.04993335797769956
0.0063236 0.8488107929092001 0.04900611397771863
0.0067973 0.8598040541449959 0.04964081021109449
0.0073817 0.8714861586719297 0.05031527683042715
0.0079657 0.8236741878325379 0.047554851406966206
0.008592299999999999 0.8421456195712859 0.048621300015634604
0.0092041 0.8494466278307904 0.04904282392403266
0.0097581 0.83514966819825 0.04821738857478862
0.010442 0.8655850299135355 0.04997457500270899
0.011146 0.8335010211787872 0.04812220389474007
0.011921 0.8098645953370218 0.046757554212497686
0.012759 0.8491199018870845 0.04902396039287768
0.013519999999999999 0.7796077101480439 0.045010672131628085
0.014313999999999999 0.7339755968922005 0.042376100844432815
0.015044 0.8507700629388472 0.04911923248562182
0.015858999999999998 0.8030424168081043 0.046363675551484664
0.016763 0.7774291270357614 0.04488489157699525
0.017622 0.8656644035230855 0.04997915764019302
0.018451 0.7658603601783209 0.04421696851106173
0.019438999999999998 0.8406513799709543 0.04853503005208608
0.020343999999999998 0.8322421188238082 0.04804952113338701
0.021337 0.8536755509698892 0.04928698091530676
0.022439999999999998 0.8270850266515145 0.047751776277996066
0.023503 0.9279008057976432 0.053572378000853994
0.024567 0.7983392460137171 0.04609213785906624
0.025665999999999998 0.8224013137478443 0.04748136198742198
0.026792999999999997 0.9243538915636603 0.053367596812075736
0.027771999999999998 0.8645561390925015 0.049915171963459924
0.028894999999999997 0.958832146371736 0.05535819978153884
0.030091999999999997 0.9155832871875201 0.05286122573232371
0.031214 0.8082645742455032 0.04666517695170795
0.032388 0.8783000842255749 0.05070867900569066
0.033590999999999996 0.8139368372880764 0.04699266521116235
0.034887999999999995 0.8220877626579346 0.047463259106805565
0.036188 0.9016297823178697 0.05205561975306057
0.037266 0.8044964140524545 0.046447622121527324
0.03841 0.821306417534105 0.04741814812504827
0.039566 0.8229321352027816 0.04751200897841194
0.04092 0.8022802469257746 0.046319671652811534
0.042274 0.8513654017793213 0.0491536043896025
0.043609999999999996 0.8067709061270184 0.046578939982679236
0.044954 0.991178438637232 0.05722571383621588
0.046151 0.844539181637514 0.04875949238596049
0.047318 0.8296660525878279 0.04790079187990766
0.048477 0.9598557430173643 0.05541729716142835
0.049518 0.8962529972201084 0.05174519092070384
0.050702 0.9323465328476572 0.05382905217176091
0.051927999999999995 0.9097104652999684 0.05252215820255564
0.05337 0.8890582507904684 0.051329802041913467
0.054839 0.8203677611062 0.04736395477091551
0.056430999999999995 0.9800109695164521 0.05658095970591097
0.057906 0.9038344360139964 0.052182905493553436
0.059112 0.9259559327709154 0.053460090704301896
0.060185999999999996 0.8996310121873176 0.05194022070576832
0.061311 0.8557513378849316 0.04940682652872476
0.062625 0.9881772076871866 0.05705243768652499
0.063924 0.8339820979287806 0.04814997887385103
0.06551599999999999 0.8251728556917886 0.04764137703616263
0.067232 0.7803054935711164 0.04505095867634278
0.068769 0.9650248994517301 0.055715738547314785
0.070557 0.7775981177507256 0.04489464826047277
0.072294 0.8115919127776587 0.04685728093143045
0.073997 0.8505978731678678 0.04910929110455916
0.07592499999999999 0.8420707877298952 0.04861697959725752
0.077764 0.8322174334020681 0.048048095919898344
0.07971 0.8845110685286608 0.051067270351622576
0.081541 0.7669406642648787 0.04427933989657981
0.083419 0.9019883531154965 0.05207632184771391
0.08524799999999999 0.9162074781673434 0.05289726341534638
0.08688599999999999 0.8023545396516742 0.04632396094534123
0.08881 0.8087884690015088 0.046695424029548634
0.090699 0.8725264175440547 0.05037533620441197
0.092583 0.7990619005558436 0.046133860338509025
0.09461 0.9313446033802013 0.05377120574698644
0.09680899999999999 0.9370577659494631 0.05410105534171518
0.099023 0.7582320559179108 0.04377654815924091
0.10125999999999999 0.8603165023805298 0.04967039642376762
0.10368999999999999 0.8479663326720247 0.048957359043193316
0.10572999999999999 0.8939092909705121 0.05160987697729326
0.10792 0.8297664041385886 0.04790658567939219
0.11016 0.8625995855961033 0.049802210294676984
0.11252999999999999 0.8854157364793505 0.051119501380108366
0.11478 0.8893182286542058 0.05134481187087468
0.11686999999999999 0.8682505996545421 0.050128471743460384
0.1192 0.8415964297824132 0.04858959252839042
0.12169999999999999 0.8798507468348066 0.05079820655317688
0.12416999999999999 0.8481955047712993 0.04897059030051401
0.12661999999999998 0.9395251015192493 0.0542435070272549
0.12928 0.8150811684932603 0.04705873320409785
0.13189 0.8402824675821927 0.04851373088539019
0.13441999999999998 0.8920652216576254 0.051503409585873315
0.13685 0.8749152191455717 0.05051325372917962
0.13957999999999998 0.9089187029239558 0.052476445780463135
0.14265999999999998 0.8392409249338829 0.048453597392552776
0.14595 0.9600470998508064 0.055428345153358254
0.14937 0.8819001372991236 0.05091652816680169
0.15251 0.8536994388517513 0.0492883600828091
0.15592999999999999 0.8766449684725993 0.05061312085313861
0.15922 0.9525718405818746 0.054996760858240255
0.16279 1.02476387997544 0.05916477019596256
0.16655 0.8871331673499244 0.05121865729765241
0.17065 0.9108618058131811 0.05258863087807887
0.17457999999999999 0.8504880801655553 0.04910295220261513
0.17895 0.9139031201150122 0.05276422124116411
0.18331 0.9112328238082213 0.052610051612009934
0.18778999999999998 0.8792320892233335 0.05076248833932486
0.19233 0.8895629947719407 0.05135894344927096
0.19655 0.7851414242782504 0.0453301612658974
0.20071999999999998 0.8674526934266379 0.050082404605913525
0.20504 0.8502561555762916 0.04908956203021082
0.20959 0.7697068728531978 0.04443904702388988
0.21467 0.8712213104146304 0.05029998580916253
0.21936 0.9834942886944834 0.05678206923242195
0.22449999999999998 0.8512775642823971 0.04914853308935309
0.22898 0.9083700579247517 0.05244476974666513
0.23360999999999998 0.8748799379708713 0.050511216769608555
0.23806999999999998 0.8421366302729796 0.048620781018254906
0.24259999999999998 0.8676464046616584 0.05009358852928194
0.24711999999999998 0.8616753903689752 0.049748851858360366
0.25204 0.7975555693230526 0.04604689226423496
0.25706999999999997 0.9008177692567058 0.05200873815711572
0.26241 0.8032627111057802 0.046376394248691076
0.26785 0.9134174837909977 0.05273618301492431
0.27323 0.9930623561585724 0.05733448186502357
0.27929 0.8842360480834026 0.05105139203881233
0.28503999999999996 0.9251213884087913 0.05341190826308959
0.28970999999999997 0.9753301789901678 0.056310714138873924
0.29539 0.8970459805854105 0.051790973836645854
0.30145 0.909872445939881 0.05253151015916135
0.30839 0.8738802993727 0.050453502608233905
0.31487 0.8518308608728675 0.049180477682898065
0.32144 0.8663189498782458 0.0500169478916279
0.32755999999999996 0.8956568981727633 0.05171077512615901
0.33387 0.8655613820055517 0.04997320969010497
0.34104 0.8560795287936309 0.04942577463967308
0.34804999999999997 0.7894720295235971 0.04558018887631289
0.35480999999999996 0.854717663084601 0.04934714728630222
0.36196999999999996 0.8674584170792 0.05008273506114828
0.36980999999999997 0.9183468540880553 0.05302078034171846
0.37745 0.8962880145010166 0.051747212644359705
0.38522999999999996 0.9353202322964208 0.05400073878948418
0.39427 0.8753701265969284 0.050539517823129335
0.40176 0.9270658502919638 0.05352417182225745
0.40970999999999996 0.9269317863495247 0.05351643163693187
0.41824 0.9564949726098394 0.05522326299148145
0.42769999999999997 0.9274999541861128 0.05354923482227177
0.43613999999999997 0.9009926199252895 0.0520188331651732
0.446 0.928170950559426 0.053587974815947535
0.45611999999999997 1.061844235469758 0.0613056055185917
0.46514 1.029258509675135 0.05942426776266522
0.47437999999999997 0.9504969474415887 0.05487696684693188
0.48435 0.8045760956651358 0.04645222254158042
0.49429999999999996 0.9041100224629984 0.052198816484605066
0.50359 1.0106878601920009 0.058352090814853846
0.51433 0.8742162055964028 0.05047289616310163
0.52362 0.9296523178228234 0.05367350159477666
0.53204 1.065761606325348 0.06153177503039076
0.5425099999999999 0.8536261513222595 0.04928412882532107
0.55172 0.9413143691426261 0.05434681044165579
0.56079 0.9086611423996929 0.05246157551666155
0.56994 0.9478438296869108 0.05472378902194637
0.58028 0.9251527941889314 0.05341372147665139
0.59015 0.9600044948301533 0.05542588535134396
0.59958 0.8937217364743621 0.051599048513409275
0.6104999999999999 0.9102813726649253 0.05255511955463966
0.62256 0.8981245625380501 0.051853245794715806
0.63554 1.024460313252529 0.05914724376304359
0.6478499999999999 1.0230540478419483 0.05906605299170851
0.65971 0.8851514444021289 0.05110424246991551
0.6726099999999999 0.8600184712797931 0.04965318959014389
0.68658 0.9621318284777057 0.05554870701675102
0.69972 0.8545150994255961 0.04933545226799677
0.71498 0.9406122994377266 0.05430627642834443
0.72976 0.9330684316064171 0.053870731016030675
0.74376 1.009306560474197 0.05827234143846329
0.75854 1.0528069821050494 0.060783839452306775
0.7745799999999999 0.936867976435142 0.05409009783899691
0.78958 0.8300557438744836 0.04792329071683281
0.80419 1.0494461041977545 0.06058979907585776
0.81922 0.9942481548013642 0.05740294398158563
0.8348399999999999 0.8846953726177209 0.05107791115316574
0.8515699999999999 0.89529063405236 0.05168962885730807
0.8682099999999999 0.9523221519030878 0.054982345075649135
0.88405 1.0201352947503557 0.058897538703395605
0.9060999999999999 1.0288850830774487 0.059402707967995544
0.92291 0.9741410878053532 0.05624206192730955
0.94251 1.0087013054517209 0.05823739702344779
0.9621599999999999 1.008637406217343 0.05823370779943089
0.9816999999999999 0.9515602897101072 0.054938358941428865
1.0016 0.96899570158806 0.055944992915545666
1.0229 1.0147954193961666 0.05858924085607759
1.0469 0.9011918732992688 0.05203033706408359
1.07 0.9297377658477111 0.05367843493879372
1.0929 0.9404316430576644 0.05429584622737845
1.1159 0.9084737297488239 0.05245075524221868
1.1416 0.9607157059598374 0.05546694714506134
1.1655 0.9278222205157786 0.0535678408774901
1.1898 0.9330833392562266 0.05387159170959373
1.2167999999999999 0.9837678953598629 0.05679786592061284
1.2445 0.9479297117796178 0.054728747426880664
1.2701 0.9802220744802577 0.05659314785667901
1.3004 0.88314553123725 0.05098843101934413
1.3305 0.9059969621270401 0.05230775899690297
1.3596 0.908544627793837 0.05245484854275601
1.3896 0.9835197738804734 0.056783540620321114
1.4225999999999999 1.0348685830771451 0.05974816550154763
1.4550999999999998 0.9585413366384344 0.05534140987375838
1.4921 0.9113869329058134 0.05261894910490787
1.526 0.9603011562535516 0.055443013106609686
1.5607 1.082711530464925 0.06251037935686361
1.5946 1.0164656569147665 0.05868567206417502
1.6324999999999998 0.9079378987767641 0.052419819026622794
1.6775 0.9094805806270426 0.052508885804776015
1.7147999999999999 0.9801963115771353 0.056591660434773726
1.752 0.9458672238163025 0.05460966962879862
1.7875999999999999 0.9162716563618982 0.05290096874513662
1.833 0.941494060883052 0.05435718494912639
1.8813 1.006501450116532 0.058110388316452835
1.926 0.9337696034763399 0.053911213192815485
1.9733999999999998 0.9569564307228268 0.05524990528805675
2.0196 0.8800867931825824 0.05081183469541984
2.0686999999999998 1.0404587621569577 0.06007091464120243
2.1226 0.8975415851659106 0.05181958758044219
2.1811 0.9565873395565366 0.05522859579963543
2.2405 0.9725445046816495 0.056149883157684155
2.3064 0.9854199437387527 0.05689324697823947
2.3670999999999998 0.9466396414415782 0.054654265181186594
2.4291 1.021448955620555 0.05897338294909895
2.4939999999999998 0.9642422166088304 0.055670550332310956
2.5618 1.0900366587199444 0.062933295833852
2.6344 0.8859822888319585 0.0511522112954372
2.7083999999999997 1.0852614465583774 0.06265759883116018
2.7767 0.9633926218530021 0.055621498956213
2.8486 0.8471172294343392 0.04890833604490857
2.9259999999999997 1.0583824255432597 0.061105737829297
2.9952 1.0452336016802344 0.060346590129612535
3.0747 0.8953277651880637 0.05169177262442746
3.1559999999999997 1.0903423508416548 0.06295094497672787
3.2479 1.0048979054121476 0.05801780761977945
3.3386 0.988465229632946 0.05706906664131666
3.4274999999999998 1.0640107599422997 0.06143068986733449
3.5136 0.9800926157826407 0.0565856735552872
3.6161 0.9540422494820924 0.055081654955676206
3.727 0.9096583120014314 0.0525191471304607
3.8379999999999996 0.9971567419694405 0.05757087134003066
3.9495 1.1581741693757053 0.06686721684575346
4.0598 0.9722878929351795 0.056135067671593986
4.172 1.0561891935493644 0.06097911152108992
4.2945 1.0441321531939303 0.06028299797160591
4.4216 0.9381989973890367 0.05416694436959973
4.5636 1.0706218798555083 0.06181238305348808
4.6998 1.0437066242296595 0.06025843004539894
4.8438 1.0563545729920691 0.06098865970766632
4.9971 0.9689714618692429 0.055943593434727254
5.1463 1.0747073848761155 0.062048259795830396
5.317699999999999 1.0079904161563922 0.058196353810845584
5.4895 1.0118583643880301 0.05841966990612036
5.6998 1.018303119388543 0.05879175800956109
5.9014 1.1422835273112688 0.06594977019840362
6.1309 1.1560756429927648 0.06674605836854423
6.3713 1.1347423445811262 0.06551437981047803
6.6258 1.0132986088766702 0.05850282246044188
6.841399999999999 1.0708690313942903 0.06182665235423273
7.085299999999999 1.0126720034069157 0.05846664537677803
7.385599999999999 1.095182920126496 0.06323041537469128
7.7181999999999995 1.1511242609369172 0.07098136273670941