0.7206918076636122 0.9813422160300086 0.05665781925920693
0.9360089804079915 1.0717561224959764 0.061877868582868145
1.0814103681521634 1.060702082744831 0.06123966330027248
1.2261637211885519 1.0204377136980847 0.05891499886948354
1.3737451871391426 1.100169308460581 0.06351830463938808
1.4925817535127486 1.063427934872811 0.06139704044625852
1.618765531691532 1.0662542631359275 0.06156021858461137
1.7372901517245436 1.038569301145208 0.059961826558826724
1.8523209393999436 0.9883385957872582 0.05706175543282702
1.9558353091799678 0.940602860896223 0.05430573149389664
2.059321000544688 0.9523235581956425 0.05498242626798764
2.1640289355285978 0.9878049249585263 0.05703094393316432
2.2564554552068246 1.0701755469910947 0.06178661401354635
2.341183537784522 1.0485366378916043 0.06053729101419029
2.425415084396126 0.9522543269383791 0.0549784291994859
2.522057248706735 0.9137499435424815 0.0527553775876257
2.60551866689708 0.9964500446782731 0.057530070152901555
2.6700818359988836 0.869648356168532 0.050209171253421746
2.750893455861378 1.0417564249243338 0.060145835236008624
2.829126144466329 1.012997395124198 0.05848543187633453
2.902977891133443 0.9207429099342683 0.053159116690498914
2.9742271517743943 1.012474116954253 0.058455220397106655
3.0479401437022853 0.9077291358719898 0.05240776609469596
3.117410421177721 0.9629712174877579 0.055597169163841866
3.188032945513325 0.9395571026615732 0.05424535461406841
3.2520902380953194 0.9304184384673149 0.053717733590809544
3.3185989992400406 0.9718729827791837 0.056111112822568615
3.3828874158796896 0.975156782946023 0.05630070311359758
3.446452167792396 0.9723778986987629 0.056140264156777336
3.5096003931171467 0.9860824210073003 0.056931495121172265
3.5733134548422556 0.8792096237368168 0.05076119129385607
3.636459963959786 0.9689092751202085 0.05594000308109775
3.6992195148317566 0.9738898674702968 0.056227557714502475
3.769522492686248 0.9455189413971256 0.05458956153395204
3.8304664535166606 0.9299418179275221 0.05369021589111447
3.889038121550541 0.931612930492541 0.053786697620040465
3.9466337775029103 0.9637811619436337 0.05564393132880472
4.001847230958577 0.9728920236531085 0.05616994717485619
4.06406349128385 0.8923406645225256 0.051519312287092965
4.118858197338895 0.9132813591564742 0.052728323855485766
4.179064142876008 1.064081712960272 0.06143478634173711
4.230767274123844 0.9294072236067135 0.05365935107361187
4.288068314330722 0.9603325665940223 0.055444826583462295
4.34121677075666 0.8380555018013365 0.04838515695608485
4.403073177069985 0.8634436787672801 0.049850944036636986
4.451516798905164 0.9159079293161767 0.05287996895436073
4.506871581757804 1.0116546077941575 0.058407906013688206
4.555298465151138 0.9938438740683928 0.057379602822584704
4.609847923598283 0.9118656234858246 0.052646586318430666
4.662285106537489 0.9335498885433501 0.05389852794524482
4.711097018701929 0.8670388031729674 0.050058508640976364
4.762169400602237 0.9162101727840243 0.05289741898911299
4.810639918241407 0.8950651283253409 0.051676609278088245
4.857632001718548 1.0002977631702614 0.05775221828361309
4.90836691532682 0.9472253132497245 0.0546880789587956
4.95815670956699 0.9998537993368102 0.057726586019737736
5.003593423852681 1.011849406465093 0.05841915272019844
5.048884656656596 0.9523210626688684 0.05498228218868216
5.095272485724806 0.9564637311959844 0.05522145926761154
5.142856082788288 0.9938448150262541 0.05737965714881216
5.1868482610797795 0.9596330732341627 0.055404441315501166
5.230391974086466 0.9196912070320735 0.053098396595129944
5.274269261508397 0.9759177026229388 0.05634463483162748
5.320287017930965 0.8690498425021438 0.050174616050781454
5.365696575748391 0.9353681783369949 0.05400350695542738
5.410339097813086 0.9298182024691801 0.0536830789492995
5.454132018905219 0.9329190433314202 0.05386210607995235
5.500348796148009 0.9146653588666106 0.05280822911600632
5.5474574865573985 0.9535456418962709 0.055052983303340644
5.591328560693529 0.9276249170511773 0.05355644955665015
5.63907759152167 0.9680835545949634 0.05589233008434519
5.67819746369781 0.8836758868864193 0.051019051117025545
5.724416441039337 0.901444311883758 0.05204491161255446
5.765448420468702 0.9176574272717704 0.052980976265921596
5.807185210017298 0.9486636768988623 0.05477112292279783
5.848128516630699 0.8717501311426036 0.05033051728812737
5.889032570217387 0.947607340859623 0.05471013533313687
5.933304011157526 0.9149949850172749 0.052827260090688125
5.975029531462915 0.9489210431214679 0.05478598196858799
6.0213627970813235 0.9473299655099385 0.05469412105985619
6.0700180518069455 0.8891252713224124 0.05133367147412938
6.113944235776263 0.9795820651404172 0.05655619690021493
6.156998664681312 0.9571066194647528 0.05525857643911477
6.202267635733189 0.9518270380196718 0.05495375966226217
6.246956762009146 0.9303473384380841 0.05371362862870797
6.291991124080221 0.9754058637267955 0.056315083799180474
6.3360453692089775 1.0605693464944155 0.06123199976928162
6.380286537569011 1.0205095051704047 0.05891914375207049
6.430443874885588 1.0298417711503156 0.059457942379635566
6.471470728535924 0.8520423394009141 0.04919268740140762
6.511770059829431 0.953985846554776 0.05507839853114929
6.556080230027341 0.8958661068458849 0.05172285379453336
6.599750375605034 0.9168176416738143 0.05293249122181745
6.6450253632086165 0.9358809831684928 0.054033113756178086
6.692658336302186 0.8830757620578261 0.05098440289389198
6.736495483987703 0.9952506376897534 0.05746082235813258
6.780015244888901 0.9864557878838812 0.05695305146784231
6.823686156844484 0.9208793880835124 0.05316699626011937
6.8731580440496405 0.9129893707940958 0.05271146589952382
6.922581507150216 0.8902042362207959 0.05139596554158217
6.9694503631085825 0.9232128839717604 0.053301720708042656
7.012768376408012 0.8971901290953898 0.051799296254749834
7.056693905745567 0.9494457381418687 0.05481627524971508
7.101159645908215 0.8982945426828638 0.051863059602952316
7.1439649233132965 0.929547824056142 0.05366746864434444
7.185332697859917 0.9750797375375391 0.056296254894864776
7.232810760339926 0.8607311290271354 0.04969433490437071
7.279615761149037 0.8652492294152018 0.049955187551898296
7.324820107996095 0.9453936398100933 0.05458232724345174
7.369065329128227 0.916720043130414 0.05292685636728698
7.411939189033379 0.865515703469779 0.04997057243861252
7.454344094607019 0.9302594554807011 0.05370855470379774
7.498010773320055 0.9217242211333423 0.053215772718993325
7.541810658924153 1.0537745029547088 0.06083969929460652
7.58458914763017 0.9214145758475728 0.053197895340084095
7.6304281647332655 0.8924042323258835 0.05152298237593101
7.673828244250648 0.8498324319568366 0.04906509833563539
7.717949720192175 0.9147956550158866 0.05281575176769221
7.764231570163021 0.8783884577726714 0.0507137812548112
7.803107195551457 0.8937764233358478 0.05160220586082926
7.851546090868435 0.8896969995972775 0.05136668022146905
7.8978747520338635 0.9497888023829993 0.05483608207291169
7.938637785279097 0.9229947454688874 0.053289126475707216
7.9809006563982425 0.8409566278135404 0.04855265354449474
8.027578972535158 0.8535658943178722 0.04928064988555071
8.07334189609982 0.863187432167543 0.049836149632303275
8.11631200028784 0.9237569115631424 0.053333130155675756
8.160846043857081 0.9005982289580176 0.05199606299206116
8.207216851020817 0.8974741702001172 0.05181569537557736
8.253240900402027 0.9251299629190208 0.05341240331266851
8.29665067355247 0.8893432231248156 0.05134625492730817
8.339914416655242 0.8966602095096287 0.05176870133320103
8.387270535551767 0.8435544775690278 0.048702640470059226
8.431259538697114 0.931997428293145 0.05380889661090862
8.472917837042317 0.9558343122272055 0.055185119746505785
8.51951011840706 0.9233198817368281 0.05330789822688911
8.566230470170975 0.9313262829367938 0.05377014801569314
8.61556379262777 0.8625668787322704 0.04980032196301316
8.65879798900369 0.9217938777801862 0.05321979434737394
8.701659111408825 0.9014394686616584 0.052044631988996164
8.749737188155851 0.9287988743676747 0.053624228013919834
8.796823089352962 0.9380282924788793 0.05415708871701659
8.842434371493578 0.9252476161153841 0.05341919602312765
8.892156900663078 0.9175901912998329 0.052977094395271866
8.938231475730806 0.937997001473366 0.05415528212997096
8.98049089222923 0.8601534054354537 0.04966098001725325
9.026075656705633 0.9563486598933053 0.05521481562285376
9.07101463546239 0.9099187197544862 0.05253418177909322
9.116048652177628 0.9054576295092144 0.05227662061369453
9.162394084209799 0.8782326323968416 0.05070478467254301
9.209924448785147 0.9064490352897564 0.05233385945312174
9.260621733103187 0.8927523747275136 0.051543082386860756
9.30617692783559 0.8454098357147791 0.0488097596225485
9.355946871235169 0.8543490693160308 0.04932586651515166
9.407248447712853 0.9484780284474903 0.0547604045044604
9.458020087282838 0.8947419633507562 0.05165795133958133
9.50435729357075 0.9050804040237734 0.05225484149013808
9.554919926087782 0.8639808537780634 0.04988195785034476
9.601051253576106 0.823460265648366 0.04754250060390448
9.65340276976275 0.8609087822014105 0.04970459171516972
9.697454967399134 0.9518945698522201 0.05495765861443223
9.744466281500298 0.8382776827976172 0.048397984581885996
9.78955566332826 0.8752361994929949 0.05053178553817855
9.835517209016176 0.9420813332597214 0.054391091135602164
9.884336948742238 0.9526234994206739 0.05499974338268893
9.932414885470465 0.976717527070631 0.056390812717645435
9.980976323868244 0.9548642117432083 0.05512911096894811
10.026482576587116 0.968965845774993 0.055943269189374555
10.076453238590215 0.8683927719457248 0.05013668006451895
10.128522797319771 0.9588996780048201 0.05536209872219283
10.171442841637036 0.8097784772375857 0.04675258218170853
10.219133940861079 0.9076846502198538 0.05240519771437238
10.266086115024248 0.8853646530362242 0.051116552076144364
10.317638107065125 0.8832865468641556 0.05099657256035952
10.368701593045106 0.8534284056557344 0.04927271197394113
10.414541608419434 0.8874870836012098 0.05123909066194743
10.465571692943652 0.8858203044463775 0.05114285912257523
10.517372577631381 0.8387425441156497 0.04842482336259619
10.56403616195467 0.932635722803292 0.053845748561634175
10.613078033299814 0.8222036650268072 0.0474699507331924
10.669096014853212 0.9700473012707351 0.05600570705153289
10.721552804336252 0.9119580203499411 0.05265192085386767
10.774882587086998 0.9108006277174525 0.052585098759075126
10.822185065583009 0.903216399526525 0.05214722314031237
10.87691796907088 0.9888301749145495 0.057090136766973984
10.932901672528907 0.9318164848499342 0.05379844983634403
10.992512177618158 0.9431899048915152 0.05445509454860538
11.047837589022773 0.8341526310052586 0.04815982460561206
11.097647822425788 0.9397701032092826 0.05425765220642416
11.156070638478447 0.819868239145637 0.0473351148570758
11.209930728641845 0.9925797041220157 0.05730661593670048
11.264902980231977 0.9304104070492313 0.05371726989667029
11.318900538047965 0.9824250641677195 0.05672033752558681
11.377487463255425 0.9200023118386036 0.053116358239509574
11.437677120596812 0.9276484135287316 0.05355780612641424
11.492425309431733 0.9408743022785424 0.054321403169411774
11.549393347877613 0.9476601393639796 0.054713183656207184
11.602150726735074 0.9636837023589613 0.05563830449706014
11.65995195300228 0.8801190853082849 0.05081369908216654
11.721717880046853 0.9028310013508504 0.05212497216626528
11.781323621007672 0.9729815163899537 0.056175114040427
11.849275535980604 0.9117318021147518 0.05263886013796945
11.908379476285285 0.8593189732679085 0.04961280405359798
11.971535977442182 0.9966905508064586 0.05754395578068652
12.040598342389814 0.9223343205555148 0.0532509968255557
12.11113134501752 0.9788275882270998 0.05651263715531482
12.180145278017175 1.0308070271958305 0.05951367146340706
12.246411775971852 0.983523403742351 0.05678375019049433
12.310479441261556 0.8659271905919096 0.049994329658685534
12.380181734395332 0.8843571639473535 0.05105838466647785
12.446827473636652 0.8765674722279838 0.05060864660536962
12.51393962030863 0.8923574581612082 0.05152028186827437
12.58588209013885 0.9332425208887798 0.05388078206543419
12.656426374760855 0.929525078417803 0.05366615542430265
12.723097116927537 0.9157523573030594 0.05287098699999556
12.789666357794758 0.9653796631529105 0.055736220839152306
12.856407968010977 0.9621293557790968 0.05554856425543027
12.933979498711233 0.9705219124962653 0.05603310874341491
13.006018260822145 0.9017373467424795 0.05206182998801094
13.074067558703378 0.8991267782163642 0.05191110874388188
13.148918197327998 0.9414725960382193 0.05435594567573217
13.22343315303277 0.9430808596699478 0.0544487988198028
13.300929770220387 1.0326411788218341 0.059619566256907834
13.380755588644211 0.8527224210648712 0.049231951934583275
13.46401011892256 1.0338842454082076 0.05969133473973417
13.54263039815077 0.9439189165764187 0.05449718405785752
13.616691684299111 0.9852883657067038 0.05688565031701718
13.695663428821302 0.9826988935184292 0.05673614707052124
13.772991190778034 0.9146821328316104 0.052809197561327126
13.853783663384725 0.877465829801469 0.050660513304057644
13.9312958893282 0.8100846497241262 0.04677025905846079
14.019427176523584 0.8237428416851295 0.047558815138993675
14.10290426425155 0.8850143132902332 0.05109632520147878
14.187401688183886 0.9903051093294638 0.057175292145122764
14.269065363324072 0.9362400458529015 0.05405384424992802
14.356424563827128 0.9338168439527105 0.05391394062299041
14.431630611032837 0.9003106154654207 0.05197945761932382
14.524534507779414 0.8968656821951014 0.05178056430422791
14.613115084494222 0.9243537230566878 0.05336758708332114
14.709169182863349 0.9203303591201994 0.0531352980581432
14.803704187507412 0.8161842541389582 0.047122419883546145
14.89208699741327 0.812105683474875 0.046886943496464405
14.986927800529983 0.8763739125013366 0.05059747142934121
15.076894507673728 0.9531011161757891 0.055027318598902454
15.176524937567754 0.9106113268400817 0.052574169467824346
15.274293651936658 0.9031783849699395 0.052145028368864595
15.375875087378581 0.9679566021521814 0.055885000481643736
15.475938925596749 0.8189386267795127 0.04728144366209341
15.570535881324947 0.8814674803067566 0.050891548703700704
15.673276689558596 0.8825104649016464 0.050951765447362726
15.787670309286387 0.9015689507007875 0.052052107638010804
15.898421528802395 0.9840967590934303 0.05681685287712302
16.006558840667807 0.8854110823831542 0.051119232675739194
16.1299467044586 0.7927774222781121 0.04577102581597256
16.23566078345827 0.840723186804 0.04853917582152494
16.35528351410952 0.8218651935396901 0.04745040907277239
16.483350746957637 0.9144159262379071 0.05279382811647366
16.61178942907663 0.831391031410457 0.04800038357866679
16.74329301299036 0.9131189301318189 0.05271894601137487
16.861199832119258 0.8363551967831055 0.04828698980008684
16.977636129336858 0.9433894198858771 0.0544666135521756
17.100953981832635 0.8467345889340026 0.048886244285321345
17.23743496538125 0.8224375180924732 0.04748345224623371
17.366475255872228 0.7908564115471225 0.04566011620970726
17.49781280663307 0.8573046003025575 0.049496504176218606
17.611727004014035 0.8361164526103947 0.04827320589884863
17.742171385625845 0.8776616826588339 0.05067182087404976
17.869672822338778 0.8358101895627051 0.04825552379354599
17.998895493638827 0.822446789876926 0.04748398755295868
18.128961132311424 0.8401797186501493 0.048507798673032766
18.256442507807268 0.8560126079495544 0.049421910962938874
18.389635781048963 0.7593090436963676 0.043838728077621514
18.519303623067415 0.8689103206177278 0.05016656075102891
18.65487034386331 0.8313810977734575 0.04799981005986722
18.79170584027195 0.8604711892000836 0.04967932727145856
18.949427295719577 0.963021957620934 0.05560009864679666
19.096835130820946 0.8055382010084808 0.04650776971947732
19.266083255150658 0.9173003187425651 0.05296035859537494
19.425439934869623 0.7926620840461749 0.04576436676004688
19.582966840372894 0.7822255073063618 0.045161810721031946
19.737397865875234 0.7596694271980011 0.04385953482878947
19.872615431730555 0.9418864198124582 0.05437983780247756
20.01477853060328 0.9258724411842888 0.0534552703153005
20.157253121980574 0.8877722867590256 0.0512555568739413
20.318994719885392 0.8347674409045077 0.04819532067169525
20.465090617155063 0.8693326058570281 0.050190941400687396
20.590931449488167 0.803572003907184 0.04639425127690596
20.72665436603859 0.8882358070814689 0.05128231823223505
20.889323407479452 0.8990413652380429 0.05190617742327927
21.02715714752241 0.7785410388203159 0.04494908783380802
21.187997012954522 0.8559557016901304 0.04941862547851917
21.34690982499452 0.9618272621267347 0.0555311228702791
21.519811727417952 0.8467167418745215 0.048885213884861785
21.668187634363253 0.8788038989537562 0.05073776676258438
21.83320512081358 0.9178102977460663 0.05298980224687019
21.999173216170288 0.9581909646248696 0.05532118113612356
22.146389326661655 0.9136734647614619 0.0527509620831448
22.30172632306792 0.9369657967667767 0.054095745498477066
22.446459237829917 0.8084494046355221 0.04667584813925113
22.59845842228236 0.9419716218451357 0.05438475694412774
22.75657024164893 0.934560692479081 0.05395688673768404
22.923328780227255 0.8705509780671954 0.050261284153038724
23.08363575397352 0.9605697953274022 0.055458522990769935
23.248961451136044 0.9227551636201409 0.05327529421122054
23.42433481808106 0.8642412016432894 0.049896989041351876
23.601204134568896 0.9017791864287378 0.05206424560342334
23.76740163094354 0.9194164354098654 0.05308253264812519
23.93267392966426 0.9770145879947042 0.056407963538093374
24.11898209735998 0.9672009346367143 0.05584137199729646
24.28233808420426 0.8296221673750014 0.04789825816596378
24.44212706621316 0.815990444079994 0.04711123025457468
24.600820485880853 0.860750193063133 0.04969543556700222
24.77176587071037 0.8679936163553722 0.050113634805765084
24.93701604525429 0.8676278192871018 0.05009251550218161
25.110399942694567 0.9428228724506686 0.054433903920752966
25.269596557585523 0.8806048656959333 0.05084174562592413
25.452542545728758 0.8602739816571697 0.04966794148865981
25.637553669053197 0.8882151638257932 0.05128112639331292
25.80754800039636 0.829076106730783 0.04786673133997044
25.964101195656532 0.9136120774697053 0.052747417886202755
26.130432150265587 0.9943153455248407 0.05740682323981425
26.305205919297684 0.8614756617773058 0.04973732052274385
26.46858079762428 1.0371711257606449 0.059881102865361545
26.667645915112043 0.8103008436010133 0.04678274101776258
26.860270207940797 0.9500329633322084 0.054850178711886834
27.031199128779377 0.9755014966433558 0.05632060516819243
27.216790136077343 0.8869330109771587 0.05120710126408278
27.416509001516804 0.9674180082630982 0.05585390474895913
27.629365293528625 0.9526328357661641 0.05500028241684713
27.828157207517634 0.862654027947253 0.049805353525286145
28.023447726156807 0.8077807829096467 0.04663724524590911
28.21631227447603 0.9058410391073355 0.052298756777163044
28.38357594975261 0.8842534817389989 0.05105239857138748
28.541833045888367 0.921567604737558 0.05320673046716677
28.712888209885108 0.8756077834117225 0.05055323894572895
28.867819087526485 0.9289278654276705 0.053631675316240995
29.01869243762443 0.9785014014943061 0.056493804755516366
29.198323535557797 0.8660413443282887 0.05000092032772828
29.388857109943824 0.867981758165158 0.050112950172833855
29.587250023668076 0.8757057443282784 0.05055889472188331
29.813463478828066 0.9023346644269117 0.052096316140600805
29.988306901226103 1.0084447036278497 0.05822258211023913
30.176826691665227 0.8935759552460196 0.05159063183026664
30.36842987415281 0.8535676055768439 0.049280748685133505
30.571229641025155 0.9353365059222589 0.05400167834771001
30.753253013678716 0.9669397652658409 0.05582629337663868
30.949479880600084 0.8469523860894805 0.04889881880995574
31.1273088662709 0.8670702757691464 0.05006032571216397
31.32274314481963 0.9675030362371787 0.05585881384133153
31.51258212458833 0.8822342235577851 0.05093581664593877
31.700817921727353 0.8083337844902437 0.04666917280705111
31.897503029027092 0.8941125753584892 0.05162161360690532
32.094795530683754 0.8697698328603102 0.05021618471349158
32.31021764515975 0.899997493214386 0.051961379497731414
32.54292000918561 0.9075665548912283 0.05239837947739519
32.76037180671561 0.9281992225429128 0.053589607099675196
32.979732424853076 0.8508427730456647 0.04912343040559621
33.20454721204734 0.9265559101127084 0.05349473041228109
33.427927771104684 0.8714861018519925 0.05031527354992654
33.64360899672864 0.8410687714018613 0.04855912815758524
33.84411977378279 0.8293266050570185 0.0478811938675788
34.0503198675373 0.9172138600694381 0.05295536690155458
34.25659026968352 0.9342162164085879 0.05393699840248118
34.460958823572625 0.9011478425898986 0.05202779494989284
34.68244509079786 0.8983136264597669 0.05186416140532553
34.906769264145716 0.9247582906487519 0.05339094480413951
35.11623017042064 0.8681841735291543 0.050124636629323
35.326818790754736 0.9316315041865484 0.05378776997276396
35.53378415320105 0.9299384398297775 0.05369002085655026
35.71291248362984 0.9885886394456329 0.0570761917101742
35.885539146065085 0.9645662275797479 0.05568925711443892
36.07019789134451 0.9202187531367787 0.053128854483686094
36.25787029892381 0.8816062267788412 0.05089955923500142
36.447252170968795 1.0188323197678761 0.05882231140770741
36.643948706616094 0.9082053172096994 0.05243525843704694
36.83689784654817 0.895351490176969 0.05169314238730056
37.01502885044839 1.0342859451466035 0.0597145268849438
37.19965761023953 0.9704443050132463 0.0560286280732937
37.397155452415156 0.9348859245650413 0.05397566402092187
37.5770281910868 0.9496431682035498 0.05482767387964085
37.759908071721476 0.9402846271098988 0.05428735825767669
37.94560470983768 0.8796734018032646 0.05078796753300686
38.149512152795715 1.045507566246447 0.06036240748121766
38.35418853963814 0.9177508228153362 0.052986368460143485
38.53935238577712 0.8454216339972229 0.048810440796702985
38.74064364809753 0.909097661530917 0.05248677796045342
38.94643271812087 0.9750324709392438 0.05629352595653983
39.13100334160282 0.9362645870673431 0.05405526113760443
39.32545906105871 0.8961256650453849 0.05173783939416853
39.54305925185625 0.9745156969019568 0.056263689993586045
39.73249075146009 0.9705664565669005 0.05603568049653212
39.947648627256136 0.9443977571328604 0.05452482993027358
40.17512606653144 0.9230814906945111 0.05329413471364369
40.39424818561802 0.8263764904900459 0.04771086892364062
40.59960802785962 0.8772452001059539 0.050647775242647956
40.8206761331572 0.8967135103819154 0.05177177866049731
41.01514370520531 0.8776743881609376 0.05067255442655574
41.26365732853121 0.9363876911675392 0.05406236855614308
41.4857296446515 0.998008349529425 0.05762003892543076
41.71109409056793 0.9923430114098504 0.057292950476592094
41.92911666867997 0.9556744795224859 0.05517589180099627
42.14644716679731 0.7959583348710104 0.04595467589015041
42.378595875361476 0.9466960353134851 0.0546575210828992
42.61984652650139 0.8708335012902004 0.05027759563892415
42.85454586890228 1.0118171302526762 0.05841728925220572
43.11157241581421 0.9272980203425902 0.05353757616638015
43.39351672502027 0.8828106503471019 0.05096909666213678
43.674430701979084 0.9363021642661249 0.05405743065818763
43.94768636855205 0.9274028148469508 0.053543626479910365
44.249955449597444 0.8395022482398374 0.04846868490065661
44.5115818974238 0.919830821368817 0.0531064572326201
44.79147903701326 0.9461497862276635 0.05462598337722484
45.05654972468661 0.9310854930612509 0.053756246005746855
45.35774987159615 0.9355064453908474 0.05401148980750356
45.616170079686604 0.8521006000216719 0.049196051079915384
45.843364978865 0.9250480706755659 0.05340767526178819
46.08826369787063 0.8586000312066084 0.04957129591433564
46.30849861369644 0.8933553256980793 0.05157789377737718
46.53659069041987 1.0005344441158237 0.057765883064376335
46.77766646143712 0.9445276683582482 0.05453233035836841
46.988853184574516 0.931165270609921 0.05376085196466686
47.19871593586435 0.9383655357934305 0.05417655946886045
47.42545311559094 0.9514325602724856 0.054930984478909435
47.64184548069669 0.9053093567309639 0.052268060080850894
47.899400883231245 0.8796175717028992 0.050784744180659376
48.14416702515416 0.9227467167882675 0.05327480653315495
48.4131306447379 0.9923944324956292 0.057295919274363734
48.660174524766404 0.9346465233266152 0.053961842183976906
48.88122127855618 0.9426404877898157 0.05442337393744902
49.10515473200365 0.9255150881713509 0.05343463852947896
49.33589972025469 0.9502143050190368 0.0548606484790574
49.57065066959191 0.9717787831511981 0.05610567420451112
49.81938452662695 0.7730651753064597 0.044632938706430966
50.10802500544395 0.9177941131339499 0.052988867827853975
50.40080646980277 0.9356473778516122 0.05401962654691957
50.67614567487037 1.0185980188763708 0.05880878403942921
50.92600856678368 1.0001476149970066 0.05774354947478839
51.17406471697152 0.9757368182589689 0.05633419146800445
51.42386586699262 1.0527691418993237 0.06078165474701058
51.63899661967005 1.0692097297550252 0.06173085252942307
51.85808731355953 1.0079063057417752 0.05819149769379351
52.07503063636814 0.8815446122923613 0.0508960019209659
52.30728625871129 0.9593205526605474 0.055386397931770755
52.565207354562844 0.9467741775365457 0.05466203262625111
52.819559885765564 1.05357885064936 0.060828403303490444
53.06975304937521 0.9029733247782282 0.05213318921317614
53.32706156327232 0.9018999913615946 0.05207122027947377
53.61416283041703 0.8891696157230758 0.05133623169929539
53.88709267026907 1.0470560485684892 0.06045180914976431
54.13774602006994 0.8998193778159599 0.0519510960004086
54.431058536591756 0.952668615141823 0.055002348140063946
54.686465511638055 0.954979974694258 0.05513579454604318
54.970094084218346 0.9437219221497052 0.05448581057932833
55.23482459825939 1.0146620356415648 0.0585815399414151
55.533073661926174 1.0317448406106788 0.05956781614615829
55.806538937912926 0.9895846047142005 0.0571336937917653
56.06082688697523 1.0917496244181946 0.06303219395455174
56.32678608027691 0.9663419544167694 0.05579177875117508
56.52263711921967 0.9348688432007206 0.053974677827893
56.725080422002826 1.0852328809945686 0.06265594959756472
56.92071332197836 0.9459989718167849 0.05461727610315299
57.104283096184545 0.9772443524727378 0.05642122899641766
57.33627513104088 1.0006828300803678 0.05777445013203369
57.582540149655806 0.9797374044099184 0.05656516541712116
57.83312287058806 1.0375594911214496 0.059903525149922
58.102381802188184 0.9457330013521207 0.05460192029121595
58.3980115583044 0.9267387118173291 0.05350528447361819
58.67459358702108 0.9684749190177676 0.05591492551983091
58.98674593980783 1.0070687988051221 0.05814314420826103
59.257461130345256 0.9118235828433296 0.052644159100804534
59.562008803534034 0.9356588988454202 0.054020291711807215
59.86175429373338 0.9877464707878597 0.05702756908004736
60.172422741603846 1.001823566555261 0.05784031058311909
60.42241246807327 1.0778800279941432 0.06223143243165399
60.66012101915256 1.0268951372563242 0.059287818392445644
60.93365004808662 0.9780897694233983 0.0564700391668218
61.21433033560619 1.1096884708172983 0.06406789373429912
61.543877021541114 1.0270811748407482 0.0592985592773903
61.86279531324174 1.1055565127361955 0.06382933502325863
62.16779514648184 1.0398506095730162 0.06003580293539773
62.49321064424837 0.9874678370298346 0.05701148215252725
62.77484458098164 1.0164081137889411 0.05868234981025649
63.122351581932755 1.0192649525153499 0.05884728947102883
63.500075670219736 0.9470609002089411 0.054678586567460136
63.883140476332656 0.9191700863414053 0.053068309678026185
64.27173674639185 0.9973332163787361 0.05758106009480185
64.67797108238183 1.0405985879498831 0.06007898748712094
65.0806491668473 0.9520019283846085 0.05496385696218965
65.51910446642623 0.9685983917512849 0.05592205422142429
65.96238542566996 1.0027741568628217 0.057895192940115005
66.49550269626916 1.060957434220802 0.061254406024611456
66.96752785113132 1.006677767852777 0.05812056802570123
67.46366005682398 0.9800737434209101 0.056584583958974664
67.9504996707485 1.03594629198462 0.0598103870543315
68.41085456921802 1.0027772048892774 0.057895368918004474
68.80038096254218 0.9458641082336352 0.05460948975054945
69.23365862709718 1.0495054586295656 0.06059322590557613
69.67903847062416 1.0002903998932924 0.05775179316461907
70.00126346356171 1.0916114831805939 0.06302421836648024
70.37172613143598 1.0702334843659784 0.061789959029444876
70.74600300380153 0.8955391197770707 0.05170397518731322
71.15672496726162 1.032638990223463 0.05961943989812196
71.56827888760228 0.9317499041301669 0.05379460579669598
71.94734522840734 0.941899530115744 0.054380594726190674
72.44594681079468 0.851475910010056 0.04915998458527873
72.8587206235367 1.0164850339558784 0.058686790798165224
73.33302834055031 0.9526228788352744 0.05499970755317419
73.75685291365572 1.0060126646966865 0.05808216827708046
74.29657460573816 1.0287089867088264 0.0593925410394128
74.83805321669469 0.9069659332819406 0.052363702572614856
75.33539742169646 0.8851180863410624 0.051102316541361874
75.81160311713488 0.8992644502510131 0.05191905724250832
76.26806645643255 0.9054098604708843 0.052273862666980656
76.77267008756422 0.9070300482838689 0.05236740425397709
77.19309556700982 0.8982879035527628 0.051862676292597214
77.59376631670183 0.8532264819728552 0.04926105390467453
78.05296873471252 0.9100030994531407 0.052539053443266454
78.50632961485066 0.9383617209483616 0.0541763392186777
78.99014877995018 0.8541989523213459 0.049317199506422535
79.4876735982557 0.9075587908760799 0.052397931221771596
80.08258744727075 0.830366242749116 0.04794121737771802
80.70200455860441 0.9435731709128826 0.05447722242266615
81.30914217217259 0.9005660616812075 0.05199420581346862
81.88603498296102 0.8480037908595727 0.048959521692659734
82.57294552632794 0.9615628651401903 0.055515857903143666
83.41112055012228 0.926103788511418 0.053468627159459936
84.22282517522609 0.9641325671628536 0.055664219718595837
85.00638989236518 0.8782957702036455 0.05070842993551843
85.92968874430763 0.941259804978423 0.05434366017816671
86.87210653829747 0.9574343562889761 0.05527749833348364
87.82595615098155 1.0443918473450133 0.06029799142040939
88.91053757185719 0.9019303279349806 0.05207297176235485
89.90952248660268 0.9614631871797351 0.05551010299341356
90.8883402221002 0.9446242471116058 0.05453790633529331
91.96831020005284 0.8451689085690167 0.0487958496873024
92.90573696418096 0.914662892113775 0.05280808669796496
93.93776933189477 0.8537553122405281 0.049291585934414184
95.06954151592882 0.8222787544299605 0.04747428602190478
96.20079551705456 0.8978381350658874 0.05183670889690016
97.37997956522524 0.8602153202973146 0.04966455467346947
98.43711333676225 0.845332924723999 0.048805319164425445
99.55275774330121 0.9338181758095667 0.05391401751778186
100.68880335243132 0.9294734431039625 0.0536631742580681
101.75233856894499 1.021227230319462 0.05896058163287173
102.80918547461499 0.9326077132563654 0.05384413142968838
104.1536919658515 0.9901963290772346 0.057169011714332064
105.35246158974557 0.9076529048967672 0.05240336489728943
106.43175284949083 1.0623767497459107 0.061336350244660116
107.46471820069308 1.2426842206864979 0.07174640693310498
108.51249802441878 0.9253304701410333 0.05342397960252885
109.96385929999985 0.9716049916017135 0.056095640344723335
111.19653901166977 0.9719607922335944 0.05611618250378276
112.39751133010118 0.8736338392220673 0.050439273224802676
113.57649094739939 0.966120400542328 0.055778987332270207
114.71833288035158 0.7908540485649789 0.045659979782869585
115.92738314819032 0.90185146002257 0.052068418321308776
117.02498294377757 0.8762601063709101 0.0505909008293375
118.14870767104344 0.9142953679092528 0.052786867678123496
119.58893634815344 0.9960718662941405 0.057508236013713486
121.50000463097591 0.9684952644740377 0.05591610016529634
122.91827988191248 1.0053348808844549 0.05804303641043603
124.38401599237531 0.899762108492187 0.05194778955445894
125.88664988919876 0.9041396786846692 0.052200528687361546
127.82887474524011 0.9456522185309455 0.054597256292860816
130.08380163812197 1.0830751166995165 0.06253137101790511
132.1330079083295 1.1080259387572524 0.06397190740105874
134.45284933984092 1.1607988034253844 0.06701875016326411
136.76453800411502 1.010967812632536 0.05836825387654418
139.20633029178373 1.0358614366661347 0.05980548793023453
141.50724078332726 0.9797558005951593 0.05656622752137125
144.2277752548641 0.9525427107180361 0.05499507904476739
147.29827167711798 1.0093791602572673 0.05827653298889316
150.1449879068517 1.041278432898929 0.06011823835355483
152.84531044122207 0.9840156201675698 0.05681216831905429
155.81179697916068 0.9143956749865321 0.05279265890993038
158.82783257368314 1.1275595381866081 0.06509968028993683
161.60785722138002 1.1005926287060623 0.0635427450451563
164.56899828728092 1.0603381842645667 0.06121865361171865
167.4239304522993 0.9995930944485252 0.057711534215994696
170.3447176321393 1.0065425663705647 0.05811276216448622
173.46465081593314 0.9749400190073151 0.05628818824176122
177.0411867307314 1.0392249588046538 0.05999968097144446
180.19154987493778 1.0145843308235905 0.05857705365165762
183.48083387079004 0.9688627798225141 0.05593731867383376
187.3155309226367 0.9285691537922787 0.0536109650903155
190.93104587821978 0.95232453123448 0.054982482446411116
194.4367350635643 0.9089201351535814 0.05247652847027912
198.48643147711968 0.9704368442919812 0.05602819732835062
203.14953122518077 0.9136458449169581 0.05274936745067888
208.10585608654083 1.038611006733605 0.059964234432095496
212.37289963831526 0.9524143683863324 0.054987669196791635
217.39002674041157 1.0035419685347644 0.05793952256766331
222.10178509867706 0.977197539045117 0.0564185262219138
227.19921121036631 0.9305291450680101 0.05372412523938079
232.21887179787268 0.9557849104537937 0.05518226753378801
237.55890210124937 0.9159079405103814 0.05287996960065844
242.80742275280988 0.9972635657359703 0.05757703881306685
248.4765026489815 0.9167785693105095 0.05293023537787026
254.67904818756236 0.9557894717111883 0.05518253087810647
260.03814965123235 0.9256242995027434 0.05344094384863676
265.9537627040056 0.9516798908141855 0.05494526411439236
271.4628993835058 1.0269598987812611 0.05929155740083119
278.21529096208303 1.0230548350962616 0.059066098443857476
286.80799738605856 1.0819494887356558 0.062466382857110876
294.9999332918048 1.0053758913518502 0.058045404150875064
306.29838672698247 1.1011223246587596 0.06357332705524413
318.5667003637361 0.9819336971208544 0.05669196843590897
334.1148432006708 1.1020054431227793 0.06362431392353694
351.2069500192113 0.9759021922507233 0.056343739339870094
375.56170646645705 1.0061318527984366 0.058089049605343425
453.966431945939 0.9742834629629502 0.056250281960866004
1103.296001725009 1.1292233454886322 0.06936763869485646
