7e-06 0.670773479128656 0.038727124874019137
8.1e-05 0.6111418678837051 0.03528429219357078
0.000118 0.6953827739647693 0.040147943173838824
0.000146 0.7652477912458514 0.04418160182725588
0.000182 0.7108134321217178 0.04103883263790755
0.000237 0.7685003680985142 0.04436938943940036
0.000288 0.8516015309833741 0.04916723731555484
0.000363 0.7405651972383595 0.04275655159780351
0.000433 0.7037051172917348 0.04062843388985002
0.000501 0.7739507359945973 0.04468406657659897
0.000551 0.8076513643727398 0.04662977326319698
0.000617 0.7167118814887306 0.04137937977089217
0.000681 0.8081078393138242 0.046656127856208325
0.000741 0.915627834056383 0.05286379764699667
0.00081 0.8700105324939531 0.05023008151331934
0.000888 0.7630966977305844 0.04405740838524674
0.000955 0.8835525436907672 0.051011929894304295
0.001009 0.870682460944886 0.05026887532052157
0.001062 0.8585912848808415 0.04957079094498204
0.00109 0.8946526698325354 0.051652795975903165
0.001118 0.9116582813846296 0.05263461541663674
0.001154 0.9920706100592552 0.05727722337728272
0.001194 1.000133623520492 0.057742741676515184
0.001233 0.879509732004269 0.05077851805275602
0.001277 0.9460065238034244 0.054617712117304915
0.001324 0.9657054803087352 0.0557550319014145
0.001372 0.9769499139965111 0.056404229583066734
0.001437 1.0118151894051832 0.058417177197323464
0.00151 0.9120616738711764 0.05265790529270643
0.001605 0.910287631806834 0.05255548092636625
0.001707 0.8768894487879413 0.05062723593072604
0.001796 0.9829124859902668 0.056748478837632475
0.001909 0.9590528777666055 0.05537094371456349
0.002003 0.8730182562314701 0.05040373252426969
0.002119 0.8730376537885722 0.05040485244275114
0.002259 0.9711532708148114 0.056069560232931685
0.002395 0.8235306730203137 0.04754656557541918
0.002528 0.8775198894857519 0.05066363444138495
0.002657 0.8572445620452197 0.04949303786581504
0.002834 0.7487226423441392 0.04322752191057566
0.003005 0.8162571866263545 0.04712663064266923
0.003195 0.7405985011189946 0.04275847439824849
0.00345 0.8701507824844203 0.05023817885029435
0.003724 0.833430396963937 0.048118126403794564
0.004058 0.819357852693923 0.04730564768154701
0.004338 0.8485976052317444 0.04899380558142194
0.004597 0.6720975481992169 0.03880357003745053
0.00484 0.8053156038569577 0.046494918066942045
0.005133 0.8540276634318912 0.04930731013777894
0.005475 0.8671750492718465 0.05006637481316275
0.00582 0.7525361116437284 0.04344769266324208
0.006148 0.8769936283061188 0.05063325073801243
0.006497 0.790995120002715 0.04566812454612478
0.006838 0.8310652006182461 0.04798157172910747
0.007199 0.8815872724825619 0.0508984649081955
0.007613 0.8270733740288801 0.047751103513514595
0.007975 0.7749486557384051 0.04474168149987068
0.008305 0.8039992965920342 0.04641892103156806
0.008676 0.764634747368162 0.044146207722474975
0.009051 0.790876019091988 0.045661248251837885
0.009421 0.777341282552025 0.04487981987336205
0.009786 0.7236873647563578 0.0417821094851214
0.010209 0.8455636794152349 0.04881864179273562
0.010623 0.6963735352537077 0.040205144803525945
0.011002 0.7805208491131056 0.045063392234356674
0.01147 0.7507353119956663 0.043343723447085564
0.011943 0.7820987812269837 0.04515449418742772
0.012463 0.8315263423973809 0.04800819576213927
0.013162 0.7978389346352766 0.04606325236816411
0.014046 0.827268483148906 0.04776236814381142
0.014765 0.8797807183607295 0.050794163457340946
0.015593 0.8597874445679299 0.049639851256715474
0.016461 0.8492104184218608 0.0490291863674496
0.017391 0.8471345708084048 0.048909337249607054
0.018263 0.9054989452512952 0.052279005979175744
0.019288 0.8805588552148701 0.05083908920956139
0.020316 0.8394419161807927 0.04846520162760359
0.021353 0.8338044754651023 0.04813972383612915
0.022382 0.8573660847832605 0.04950005398436709
0.023427 0.8150653324126379 0.04705781890755682
0.024418 0.8283309558902199 0.047823710036131846
0.025418 0.9753809785560935 0.056313647053180114
0.026336 0.9807778620764699 0.05662523626850755
0.027438 0.8829570176456362 0.050977547182057714
0.028569 0.9109677984649646 0.0525947503666828
0.030081 1.0411819240981912 0.060112666415346315
0.031411 0.8132946845586421 0.04695559050604237
0.032844 0.8801889556970743 0.05081773305094414
0.034257 0.9317967522294888 0.05379731057297143
0.035516 0.8202550478520103 0.04735744726815075
0.036632 0.8481135524874469 0.04896585878319972
0.03764 0.9219659635862569 0.05322972972601981
0.038694 1.0145806004803415 0.058576838280189725
0.039572 0.9887310586356014 0.057084414285940806
0.040601 0.9016735828901208 0.05205814858027855
0.041744 0.9240587152880885 0.05335055480185976
0.042918 0.9709980493507204 0.05606059851752399
0.044174 0.8513038171306916 0.04915004879825607
0.045501 0.9567008100742684 0.055235147023031186
0.046869 0.9013066533352634 0.0520369638925515
0.04812 0.925925620220634 0.05345834060839542
0.049467 0.8832752735665854 0.05099592169622084
0.050916 0.8330218403447575 0.048094538376388316
0.052249 0.8933233727540443 0.05157604897329318
0.053718 0.9144112145978106 0.052793556089805856
0.055135 0.9490152526557921 0.054791421158588226
0.056481 1.0015647657999571 0.05782536871454497
0.057768 0.9753588052818117 0.056312366878592576
0.059066 1.0105511116013377 0.05834419563129078
0.060541 0.9529896339412064 0.05502088216908784
0.062243 1.0421112104798498 0.0601663187896068
0.063951 1.104552494201268 0.06377136798611746
0.065812 0.997923819180621 0.05761515856346709
0.067642 0.8830797797390169 0.05098463485482368
0.069287 0.9922994765054709 0.05729043698771583
0.070971 0.8957703284375884 0.05171732402555211
0.072636 0.9985261617692114 0.05764993482903379
0.074191 0.8583798531354625 0.04955858392747107
0.075875 0.9501093671117199 0.05485458988615364
0.077517 0.9386561871649128 0.054193340233617014
0.079167 0.9787362006907311 0.056507360893442514
0.080724 0.9227076603288447 0.05327255160741882
0.082385 0.9306556082839866 0.05373142659655945
0.083946 0.940222550925534 0.05428377428750136
0.085252 0.8834480566750563 0.05100589733363955
0.08662 0.9955192236065541 0.05747632917326912
0.08806 0.8560139848942777 0.04942199046087954
0.089474 0.9719285772863497 0.056114322572936394
0.090845 0.9618818157657699 0.05553427252609732
0.092309 0.8958542878828234 0.05172217142638285
0.0937 0.9036962763471621 0.05217492884146964
0.095138 0.8807755647539631 0.050851600940634525
0.096748 0.8947705823090424 0.051659603655908375
0.09849 0.9381700690655088 0.05416527419206212
0.100042 0.9466199397328832 0.05465312770250474
0.101696 0.881843098906313 0.05091323505365735
0.103335 0.9176826123377809 0.05298243032638567
0.105054 0.9204149947797395 0.053140184500225056
0.106861 0.8353538837716211 0.048229178966414474
0.108496 0.862643514190814 0.049804746513275114
0.110111 0.9062547220682918 0.05232264077404977
0.111611 0.88769561987912 0.05125113050956616
0.113316 0.9547369173615254 0.05512176162439501
0.11505 0.8917446927622396 0.051484903841469906
0.11669 0.8884140786321174 0.05129261074501063
0.118298 0.9481292808981935 0.054740269555313824
0.119921 0.9312539226475358 0.05376597029244497
0.121491 0.9065643791065933 0.05234051883149175
0.123133 0.8829804033430426 0.05097889735592699
0.124829 0.9858718321395405 0.05691933676722332
0.126502 0.9036079713040269 0.05216983054742715
0.128269 0.8831215403213839 0.05098704590317079
0.130074 0.964820169521118 0.05570391845925978
0.131936 0.9550571599649947 0.055140250839726915
0.133789 0.9002395423798976 0.05197535421281793
0.135397 0.9120369450197265 0.0526564775718023
0.137226 0.8656095381450484 0.049975989986115125
0.13887 0.7984967064305594 0.0461012288404713
0.140628 0.8658282293058605 0.04998861612617155
0.142259 0.925824086580555 0.05345247856095228
0.143746 0.9008684035131156 0.05201166152727257
0.145366 0.9646839310793042 0.05569605272915426
0.147145 0.9019731320605399 0.052075443059696254
0.14886 1.0085511863355217 0.05822872989223298
0.150423 1.084400811900526 0.06260791006602173
0.152278 1.000755598912761 0.05777865144253077
0.153966 0.9368705486649406 0.05409024634675358
0.155736 0.9809026566865129 0.05663244128867772
0.157787 0.8899854035612035 0.05138333123208985
0.159659 0.9084904183509162 0.052451718759109714
0.161782 0.821421694956214 0.04742480367011687
0.16364 0.8605754518441463 0.04968534687802016
0.165723 0.871406215182392 0.050310661290906694
0.167732 0.8551970189234589 0.04937482290856244
0.169697 0.8069322153145121 0.046588253172961454
0.172113 1.0101418581365258 0.05832056737148319
0.174191 0.7970530496547829 0.0460178792776601
0.176476 0.9072868094842029 0.05238222836879012
0.178503 0.8608232760368196 0.04969965501445533
0.180645 0.9588723142232881 0.055360518873529475
0.183126 0.981080064222872 0.056642683917565044
0.185392 0.9029542940240335 0.052132090472070416
0.187793 0.8738587681649757 0.05045225950337634
0.19027 0.8597716310530151 0.04963893826300619
0.192416 0.8759105791609654 0.05057072086646243
0.194968 0.8850689206314496 0.05109947795779389
0.197459 0.918341689449828 0.05302048216119138
0.200029 0.878722322406408 0.05073305693842727
0.202139 0.8584097543568368 0.049560310275292015
0.204638 0.851548436401714 0.04916417189845344
0.207363 0.8859832435872168 0.051152266418257736
0.210064 0.9208282195588144 0.05316404204396853
0.21293 0.9138221541847561 0.05275954667100126
0.215477 0.9055987458794917 0.0522847679711312
0.218287 0.8893246713341375 0.05134518383917397
0.221154 0.9260258660360468 0.05346412830324679
0.223759 0.9537363544761016 0.05506399409927096
0.227028 0.915996414478577 0.05288507764759384
0.230023 0.9252053121480969 0.05341675360243754
0.232923 0.8870681358621344 0.05121490270295428
0.235822 0.8809392005493542 0.050861048457686325
0.239409 0.9212658211743466 0.05318930698502106
0.242772 0.9890282240189453 0.057101571137347554
0.24626 0.8629798104788068 0.04982416258851513
0.249572 0.9530323191502842 0.05502334660078299
0.25284 0.948353636016737 0.05475322270412234
0.256145 0.8673313706359616 0.050075400031327946
0.259883 0.8672871279648499 0.05007284567952034
0.263543 0.8471182824739919 0.04890839684218126
0.266695 0.845002097790744 0.048786218862528444
0.270303 0.840334146123796 0.04851671454738079
0.273365 0.8224430372511198 0.04748377089500674
0.276999 0.8755220368372484 0.050548288364943475
0.280285 0.8948151561756295 0.05166217712929566
0.284136 0.8543819296594408 0.049327763707963004
0.287588 0.8507023966068834 0.049115325768124385
0.291035 0.8205796146601525 0.04737618614155584
0.294511 0.8694381120619472 0.050197032804268515
0.297733 0.8968151365952626 0.05177764605266058
0.301374 0.85115477894766 0.049141444074746785
0.304627 0.8685773154250747 0.05014733468726693
0.308192 0.8959814663572467 0.0517295140790272
0.312109 0.8529351808366004 0.04924423562573133
0.316056 0.8983623159388954 0.051866972493713685
0.320032 0.8212858845650051 0.047416962653524554
0.324334 0.8765989431550946 0.05061046358019353
0.328674 0.9893507321392537 0.05712019115235514
0.333027 0.8550642882090019 0.0493671596971903
0.337656 0.8832448080147448 0.050994162766765216
0.341615 0.9207935373285897 0.053162039664472895
0.345678 0.8557237608800498 0.04940523436960556
0.349933 0.8789550849053804 0.050746495487571174
0.354127 1.0095717650423472 0.05828765303134448
0.358301 0.8870227655464271 0.05121228324655559
0.362675 0.8320087611277321 0.048036048220522314
0.366987 0.8452657701011773 0.048801441990469104
0.371043 0.8696168181276209 0.05020735040378077
0.375023 0.8648039972129795 0.049929482058717806
0.379852 0.8114254849378995 0.04684767221562188
0.384535 1.0068094706774513 0.05812817189182911
0.389456 0.8966593149317652 0.051768649684724
0.393918 0.9549771460675689 0.055135631235205144
0.398206 0.853089350069223 0.04925313659052687
0.402347 0.8460600746756457 0.04884730118645789
0.406695 0.8335925912205236 0.048127490693564694
0.410776 0.9140167552201404 0.05277078196701763
0.414396 0.8368599849165506 0.04831613375655966
0.418656 0.9392700302410221 0.054228780480140196
0.423164 0.887597995593745 0.051245494168822084
0.427478 0.8111592861352559 0.04683230322058546
0.431468 0.8402505745659997 0.04851188954124176
0.435907 0.8798624639771213 0.05079888304270384
0.440389 0.9092202066539716 0.052493853106431766
0.445128 0.8767252532401306 0.05061775609635322
0.450678 0.8379952682406016 0.04838167936983439
0.455582 0.8910185711773817 0.0514429811922217
0.460533 0.8576350923334255 0.04951558514251727
0.464638 0.8900274522239718 0.051385758912766685
0.469177 0.879900002100847 0.05080105030728762
0.474032 0.874292173187397 0.050477282154012655
0.478636 0.8578924807458622 0.04953044546943793
0.483443 0.9013106122596387 0.05203719246115688
0.489024 0.885831365725587 0.05114349774582814
0.494826 0.8953550498578269 0.05169334790557071
0.500552 0.9662998106168004 0.0557893455777494
0.506161 0.8705180081750853 0.05025938063543023
0.512293 1.0026242948248465 0.057886540651318374
0.518329 0.8044721595233291 0.04644622178563536
0.524522 0.8500245281509808 0.04907618901457533
0.530973 1.0239635256039819 0.05911856171478171
0.537693 0.8285148885711662 0.047834329394417556
0.543749 0.90028735550044 0.05197811470461953
0.550015 0.8757134003350323 0.05055933674163934
0.556506 0.9509630676514254 0.05490387830979427
0.563268 0.8621942965390901 0.04977881092006036
0.569935 0.9238563314628097 0.05333887016625932
0.576176 0.8343332653791636 0.048170253536051956
0.582909 0.8651029971216209 0.04994674482649198
0.590122 0.8622310918392591 0.04978093529770611
0.596712 0.9071679177157772 0.05237536414933962
0.603708 0.7922907430819969 0.04574292737948395
0.611001 0.8959538165125831 0.051727917714501234
0.61778 0.8626107604555219 0.04980285547548633
0.625059 0.8188828164228611 0.04727822144964977
0.631616 0.8706799759390552 0.050268731848643035
0.639426 0.8425690811768551 0.04864574858283129
0.646463 0.9087452431737811 0.05246643107711744
0.653232 0.8400156767360472 0.04849832770870624
0.661031 0.8614090152583475 0.04973347268417773
0.668911 0.9711546663831147 0.05606964080610524
0.677202 0.8469059934269069 0.048896140328333206
0.68469 0.8826125872521059 0.05095766148401554
0.692567 0.8328696239257367 0.04808575015733864
0.700192 0.900032383079084 0.05196339386500894
0.709215 0.9423284946413647 0.05440536100462467
0.717734 0.9411377073159404 0.05433661086633654
0.724902 0.8988864769444733 0.05189723494348059
0.732644 0.8377767545335738 0.04836906347507698
0.740559 0.8973043912683919 0.05180589318438393
0.749048 0.9104512298131816 0.05256492626166662
0.757127 0.9071945076474559 0.05237689931976086
0.765333 0.8858697283327365 0.0511457126119846
0.772911 0.8774895551983464 0.05066188309048502
0.780746 0.8532107736166433 0.04926014698230578
0.78869 0.833197537035059 0.04810468222953245
0.796185 0.8237449256191053 0.047558935454977865
0.804794 0.9153602954172403 0.0528483512964639
0.81263 0.9218056318883763 0.053220472971126705
0.820364 0.9263398964212899 0.05348225885599217
0.828334 0.896622766859247 0.051766539580773326
0.836693 0.8687202761578656 0.05015558852902297
0.845277 0.8251786888482612 0.0476417138136086
0.853478 0.8400510364171392 0.04850036920084594
0.862201 0.8769448903084164 0.0506304368484031
0.87117 0.8946784963648685 0.051654287071442644
0.880685 0.8745498579308316 0.05049215958961146
0.890323 0.9188600387165754 0.05305040907006047
0.898523 0.8253832108550888 0.047653521897178315
0.906645 0.8912745812285738 0.051457761939418804
0.915453 0.8773815644925639 0.050655648244179674
0.924398 0.8559715677024865 0.04941954150316965
0.933126 0.8734474818622603 0.05042851387761767
0.943019 0.8487921569284421 0.04900503802886791
0.951574 0.8869702198000345 0.05120924951647314
0.960888 0.8743707726589255 0.05048182009661716
0.96993 0.9682720567487747 0.05590321326126976
0.979027 0.9275714520019921 0.05355336275059621
0.988754 0.9148449571857445 0.05281859822979612
0.998218 0.972480417669181 0.05614618309229413
1.006526 0.904208601451697 0.05220450794517122
1.016599 0.886805602230932 0.05119974531668967
1.026923 0.9011854752125907 0.052029967670377
1.037755 0.9794227610329522 0.05654699947328214
1.048307 0.891413606151126 0.05146578854706476
1.058622 0.927444966875646 0.05354606012842177
1.067996 0.8907977394119027 0.051430231464297205
1.078987 0.9064508961537601 0.052333966890155084
1.089286 0.8248743454159467 0.04762414253735132
1.098996 0.8169282472292062 0.04716537434463913
1.110424 0.9883747693282646 0.05706384391319078
1.121484 0.913057684076031 0.052715409968695275
1.133558 0.9121488353503867 0.052662937563054936
1.145181 0.937897545316083 0.054149540026052975
1.156932 0.8908336620043033 0.05143230545613645
1.16931 0.830296042338035 0.047937164355094534
1.180179 0.9303837958931892 0.053715733500859855
1.191118 0.8678396044750688 0.050104742925709926
1.202516 1.0000312551782196 0.057736831437518434
1.215282 0.9555079921641274 0.055166279648879775
1.225719 0.9973645970958285 0.05758287186134792
1.236593 0.8711006160912136 0.0502930175191511
1.250419 0.9458925608094391 0.05461113246077941
1.262999 0.8617902459936208 0.04975548305094107
1.274336 0.9752917345147287 0.05630849454604956
1.286907 0.9710489139577356 0.056063535186979235
1.2992 0.8659345466801861 0.0499947543626402
1.311518 0.8799948874047574 0.0508065285128631
1.324241 1.0788659041563975 0.0622883520184205
1.337022 0.9020923500379969 0.052082326112833956
1.348942 0.8811225581174661 0.05087163461181707
1.360667 0.9288237957126549 0.053625666848443124
1.372756 0.9549302225787704 0.05513292210631623
1.385615 1.029599673814858 0.059443964883455915
1.398258 0.9191652216272808 0.053068028813625254
1.410452 0.9030513610318514 0.05213769463837972
1.423735 0.9192026516725507 0.053070189838296485
1.437865 0.9416633213346658 0.05436695720585663
1.451673 0.9209947818388039 0.0531736585216874
1.464551 0.8743073726881588 0.05047815969759829
1.478098 1.017393893742211 0.05873926384239469
1.492539 0.9168127596377051 0.05293220935733127
1.505114 0.901352070220479 0.052039586037642
1.517081 0.9118233981707551 0.05264414843872847
1.531889 0.9000189789001944 0.05196261997437993
1.545503 0.9313653715032507 0.053772404795129757
1.558672 0.939599150408144 0.054247782241848556
1.572735 0.8988989992444715 0.05189795791880808
1.586114 0.9085763568108459 0.052456680418407134
1.599479 0.8606845983348801 0.04969164845360079
1.612831 1.0006798410019562 0.057774277557511126
1.626144 0.9056898989774169 0.052290030697693654
1.641393 0.9086084340772635 0.05245853240024724
1.654224 0.932342781084242 0.05382883556359914
1.669399 0.8910909325865637 0.051447158980128714
1.682382 0.9723515362817213 0.05613874212191979
1.697103 0.9761269587805217 0.05635671624151849
1.710963 0.89537283392864 0.05169437466937783
1.72464 0.9153459981692986 0.05284752584446912
1.740221 0.9879797063487968 0.05704103494143652
1.754821 0.8407725458605676 0.048542025567984565
1.768739 1.0023682631873447 0.05787175865783511
1.782273 0.9887948118312743 0.05708809507840915
1.797633 1.0185717738159412 0.05880726878015882
1.811398 0.972269354463933 0.05613399735245753
1.827052 0.903220875086911 0.05214748153691173
1.842109 0.919386410504843 0.053080799159425485
1.856593 0.9334520098544742 0.05389287691650778
1.873006 0.8665765431673151 0.05003182004710647
1.889162 0.928353773336011 0.05359853009387507
1.903877 0.9745681538959793 0.05626671859954802
1.918766 1.0142262036169263 0.05855637716774045
1.933112 0.912222484704805 0.052667189710514845
1.948717 0.9763588213996351 0.05637010283607451
1.964497 1.0310684500340261 0.05952876471800751
1.981352 0.9287657087449648 0.053622313195799895
1.997538 0.9339940423793633 0.05392417117892321
2.013644 0.9404939707833184 0.05429944472029689
2.03086 0.9714818823327044 0.056088532627763116
2.048433 0.9493662425143935 0.054811685567522854
2.063977 0.9479028520431658 0.054727196679273574
2.080263 0.9498175845823261 0.054837743813964605
2.095796 1.0367856954600982 0.0598588500365841
2.113544 0.9546032722744392 0.0551140456216945
2.132779 0.8661229471365303 0.05000563166805877
2.151114 1.0259132817660124 0.05923113093928196
2.169469 0.8911797950066773 0.05145228945434606
2.18842 1.0245391010839415 0.05915179258061108
2.205821 1.0013310195496177 0.05781187336848941
2.224351 0.9470697745394447 0.054679098927170655
2.241924 0.9668158301074937 0.055819137976935294
2.260105 1.0663168298032668 0.06156383087283444
2.280703 0.9582900825757162 0.055326903713683845
2.298586 1.0561609731906425 0.06097748221791945
2.318228 1.0873522548343457 0.0627783117032556
2.334324 0.8769221898589377 0.05062912623734137
2.354702 0.9667243262363304 0.05581385499847049
2.373056 0.9970829519565274 0.057566611071648774
2.394155 0.937939986318283 0.054151990358457455
2.413852 0.9370269410649237 0.054099275666176526
2.432679 0.9728982293708642 0.056170305462137866
2.452377 1.0439128064708783 0.06027033398264592
2.473234 0.9722565871135668 0.056133260229140454
2.49358 1.0275590075438357 0.05932614696136582
2.514594 0.9694383100898387 0.05597054692931042
2.536076 0.9793710226488299 0.0565440123562821
2.558493 0.938040946519834 0.05415781929841175
2.579512 0.9606017348992343 0.05546036702280944
2.601757 0.9499587615140321 0.05484589466791699
2.623333 1.0143633191337311 0.05856429353579419
2.645663 0.9344534519989977 0.053950695205679626
2.666512 1.112050242497494 0.06420425068583167
2.688989 0.9202377164764488 0.05312994933261242
2.711488 0.9258165108103085 0.05345204117365316
2.733196 0.9250390519591485 0.053407154565953054
2.757275 1.0234821946771673 0.05909077206076514
2.77899 0.9301066694388063 0.0536997335975561
2.806351 1.0322709496587639 0.05959819106621179
2.833261 0.9718936733769162 0.056112307394785677
2.86109 0.9578815197257022 0.055303315326540196
2.885438 0.9446930702754252 0.05454187984250907
2.913638 0.9821490659826665 0.056704402762943196
2.936592 0.9714708730912257 0.05608789700890999
2.960816 1.0778775389784185 0.062231288728264125
2.988012 1.0554595878888227 0.06093698771863832
3.011827 0.9428041255115588 0.05443282156571881
3.036617 0.9609067383487236 0.055477976405176085
3.060639 1.0294221222587299 0.05943371393958335
3.087709 1.0066509172746494 0.05811901780685025
3.113735 1.1313429017205432 0.06531811288541278
3.13989 0.9948239680490348 0.057436188574940185
3.169343 1.0551552850663743 0.060919418786992745
3.196392 0.9790929054847711 0.056527955254328535
3.225329 1.0301976127167463 0.059478486902052326
3.252214 1.0284894818682433 0.059379867921532895
3.282352 1.0270210665902326 0.05929508892592873
3.310517 0.9649226643593829 0.05570983600150606
3.339247 0.9066806216176577 0.052347230095997184
3.366164 1.0383148588938762 0.059947136328596766
3.396622 0.9941187957057733 0.057395475430719475
3.428143 1.0336734167086528 0.05967916253909008
3.460348 1.0075451815781233 0.05817064818048398
3.492143 0.9252644360639513 0.05342016712331095
3.526913 0.9595523585398668 0.05539978125045323
3.559355 0.9282958064494057 0.053595183374116506
3.592813 1.05790182502237 0.06107799034528616
3.62905 0.9762935776658819 0.05636633598734996
3.660851 0.9738534414272738 0.056225454655927994
3.693601 1.0067356671434307 0.058123910842805715
3.727507 1.0320171369610873 0.05958353718327906
3.769411 1.0048856983597043 0.05801710284527803
3.809778 1.0391068529241934 0.059992862125256785
3.845775 1.03156754278152 0.059557579851219136
3.882974 1.0263324505361167 0.05925533165950752
3.927242 0.9754623526771519 0.056318345190249926
3.968247 0.9123424119690785 0.05267411371434599
4.008043 0.9716773183067489 0.05609981612898551
4.052421 1.0737272346756686 0.061991670797622966
4.09579 1.02151212991993 0.058977030318973944
4.139362 1.0051188934196837 0.05803056636834331
4.181038 0.9746624560237414 0.05627216313543288
4.228646 0.9849196396577455 0.056864361908654855
4.270742 1.0343307575792944 0.05971711413195151
4.313907 1.1026750084947283 0.06366297129831042
4.359354 0.9849200906813178 0.05686438794851294
4.409977 1.0759011562993155 0.062117182221083936
4.460011 1.0484273808564408 0.06053098305632403
4.517764 1.0941084038163669 0.06316837814660112
4.573001 0.9172964340245732 0.05296013431107711
4.622 1.0373403615500312 0.05989087369821742
4.682818 1.070731822612503 0.06181873060152272
4.751143 1.0736918206295831 0.061989626166718916
4.816184 1.046885455167816 0.06044195993518424
4.886919 1.0475065249209314 0.06047781741409891
4.954619 0.9497671752860035 0.05483483343188446
5.026114 1.0026729525715803 0.05788934990763587
5.098789 1.1025596084854339 0.06365630867566736
5.176424 1.0382094494048664 0.05994105050891127
5.260209 0.9485911306822632 0.05476693446502961
5.345975 0.9793586119714484 0.05654329582548939
5.433847 1.077386481909066 0.0622029375351463
5.523962 1.0047232987784716 0.05800772670108393
5.623611 1.0057566024738238 0.05806738451775056
5.735649 0.9355460283422026 0.05401377513026558
5.850992 1.002189012744045 0.057861409628665955
5.961511 0.9791649233567944 0.05653211320810845
6.096033 0.9353005502148359 0.05399960244397406
6.240732 1.0192976463526633 0.05884917705060621
6.394506 1.037431247769465 0.059896121016542986
6.555722 1.0144910749733667 0.0585716695226346
6.743676 1.0412223207641311 0.06011499871794179
6.946486 0.9975867175995704 0.05759569599461071
7.204499 1.0203110867238756 0.05890768805771891
7.473591 0.9807731212169415 0.05662496255485506
7.834465 0.9569527069911565 0.09208281716384754