2.1e-05 0.676469447813466 0.0390559817793662
0.000228 0.6983700660367245 0.04032041456202796
0.000305 0.6422192226860431 0.037078544109653916
0.000356 0.6566923184438443 0.03791414868283129
0.000464 0.7337031067398473 0.04236036861815155
0.000559 0.820692500001501 0.04738270357977735
0.000709 0.8003772981517262 0.046209804854116444
0.000831 0.7530738278266133 0.0434787377215357
0.000963 0.7547543940012904 0.04357576525486979
0.001184 0.7303002630853024 0.04216390534815538
0.001408 0.8229311520500002 0.047511952216059646
0.001609 0.7373282080668995 0.042569663940852875
0.001792 0.8081212140508105 0.04665690004700826
0.001929 0.9126092886824684 0.05268952184857759
0.00205 0.8033096667942609 0.046379105236629505
0.002182 0.8306867017947719 0.04795971908934539
0.002301 0.96410809726127 0.055662806948169205
0.002388 0.9999873514905816 0.05773429665693081
0.00247 0.9733758783258523 0.05619788253741192
0.002567 0.9549675489743009 0.05513507714676697
0.002641 0.9675490716955224 0.05586147169975823
0.002717 0.9662334019971546 0.0557855114743065
0.002802 0.9324027975272984 0.05383230061455458
0.002879 0.9662875653630554 0.055788638597694805
0.002972 0.8753254038583023 0.050536935754610865
0.003094 0.9010434425168555 0.052021767408865355
0.003216 0.8820484702704638 0.050925092174894986
0.003324 0.987733088435639 0.057026796449581654
0.00347 0.919823557056338 0.05310603782734358
0.003636 0.9353064714392938 0.053999944306027524
0.003834 0.8614486330030813 0.04973576001573641
0.00401 0.9355677959150397 0.0540150318816693
0.00424 0.9255113541447036 0.05343442294534997
0.004499 0.9755192213604982 0.05632162850521377
0.004841 0.7708301847315272 0.044503901465423615
0.005149 0.7733351455355219 0.04464852544487319
0.005439 0.779003762872141 0.0449758032193962
0.005693 0.7689547885284592 0.044395625415155765
0.006025 0.8533116721746803 0.049265972363270134
0.00648 0.8179869771147816 0.04722650014308274
0.006984 0.8653262617297194 0.0499596350146506
0.007644 0.8774919484250453 0.05066202126349291
0.008323 0.8411615875215129 0.04856448689875184
0.009113 0.759786366908342 0.0438662863461139
0.009751 0.8317665143124005 0.048022062094118106
0.010345 0.8288480209847238 0.04785356280328188
0.011061 0.8630821776786858 0.04983007276155576
0.011788 0.7751081756682875 0.04475089138731655
0.012387 0.8344352514146983 0.048176141702558906
0.013049 0.7728545977229604 0.04462078100397911
0.013804 0.8333644790629069 0.04811432063200415
0.014604 0.8101657845498429 0.04677494337980761
0.015374 0.7948778697864943 0.04589229520941088
0.016133 0.8265434419839451 0.04772050787263505
0.016855 0.7905762108864826 0.0456439388170225
0.017491 0.8311301446625037 0.0479853212752509
0.018147 0.76873111690076 0.044382711727709544
0.018961 0.8265558906242303 0.04772122659521702
0.019863 0.8002373707504927 0.04620172614183953
0.020726 0.8662419640325059 0.05001250311175173
0.021684 0.7393754790512094 0.04268786318624242
0.022565 0.847320915291604 0.04892009585336076
0.023486 0.774297677784217 0.044704097270161974
0.024591 0.7882016375891265 0.0455068427637786
0.025756 0.9152997297322432 0.05284485453501023
0.027142 0.8786000372972144 0.05072599680435619
0.028694 0.8694139746861754 0.050195639232228584
0.03068 0.8076749974496608 0.04663113771952919
0.032525 0.8307205346521633 0.04796167243027763
0.034789 0.8866018604096991 0.05118798227715628
0.036957 0.895520297622434 0.0517028884897086
0.03919 0.8356153863612462 0.04824427682546586
0.041729 0.7711944833446643 0.04452493425565963
0.044306 0.7112544906340552 0.04106429716299019
0.046858 0.8262307315267338 0.047702453525970114
0.049347 0.8780990456300284 0.05069707203696503
0.051852 0.9039446552996367 0.05218926900697687
0.054017 0.8349012792592647 0.048203047832709935
0.056175 0.8456085183959279 0.04882123057249295
0.058695 0.837074297917459 0.04832850712343619
0.061009 0.7408734065674925 0.04277434607171768
0.064376 0.8140590627763364 0.046999721903017225
0.067693 0.9740399006006485 0.05623621988132207
0.071111 0.8804309167369389 0.05083170267809406
0.07394 0.9804031435451351 0.0566036018840139
0.076355 0.9030999616618174 0.052140500597059096
0.07883 0.9713921829020509 0.05608335382871972
0.081154 0.9752344484060965 0.0563051871310256
0.083078 0.9618863096301761 0.05553453197947978
0.085251 0.8957426907386526 0.05171572836226008
0.087592 0.8410238261741514 0.04855653324365353
0.090557 1.0020223723165977 0.05785178863910151
0.093509 0.8405786750815077 0.048530832433336744
0.096681 0.9262847847096186 0.05347907697983528
0.099875 0.9277412520736911 0.053563166162306594
0.103088 0.8405362809083328 0.04852838480460728
0.106587 0.8562896368425756 0.049437905233534786
0.10978 0.9124608390427124 0.05268095110463017
0.113099 0.9807494636599267 0.05662359668516397
0.115985 1.0259072030785605 0.05923077998609829
0.119001 0.9706416811368054 0.05604002358910054
0.121818 0.925468766669806 0.05343196415634034
0.12486 0.9458214577439704 0.054607027323380554
0.127625 0.8952250209904424 0.05168584068541203
0.130575 1.0008023171182978 0.05778134871938504
0.133953 1.0573648223959433 0.06104698648419386
0.13745 0.8839143127761061 0.051032816642184786
0.140649 1.038464621022556 0.05995578284912754
0.144134 0.8702354774632389 0.05024306871717635
0.147771 0.853421710474865 0.049272325427493414
0.151129 0.9420857939945517 0.05439134867624767
0.154636 0.9137566173519817 0.052755762900196845
0.157772 0.8665713276394873 0.05003151892846693
0.160874 0.8609077105969053 0.049704529846054765
0.163628 0.9762796067527715 0.05636552937630546
0.166772 0.922761015625732 0.053275632076920876
0.169573 0.8556971109249317 0.049403695733729436
0.172242 0.9078688778365769 0.052415834100783106
0.175068 0.9352541001185495 0.05399692064641457
0.177472 0.9306484675485571 0.05373101432600721
0.179598 1.0223126896021564 0.059023250653777524
0.181644 0.8563417385020947 0.049440913324249644
0.183915 0.9796298808140215 0.05655895753941762
0.186057 0.9445500089925036 0.05453362019548853
0.1885 0.9215339063330765 0.05320478488887691
0.190924 0.9443029381993191 0.05451935555659314
0.193394 1.002628673413743 0.057886793449266186
0.196449 0.8845691568831102 0.05107062408433039
0.199609 0.8566429392652887 0.04945830315842066
0.202849 0.909004645830181 0.05248140769646754
0.206609 0.9441124765424966 0.05450835924770946
0.210156 0.8388371753546016 0.04843028689972445
0.213771 0.9352605436705116 0.05399729266506056
0.217337 0.9374919682474421 0.054126124023077274
0.220719 0.8973148265270531 0.05180649566432364
0.223874 0.90443531430339 0.052217597217766594
0.227001 0.9224856607727718 0.05325973445707296
0.230071 0.9863832567071705 0.05694886387840246
0.232872 0.9018214681380315 0.052066686739047595
0.235967 0.9157735775039885 0.05287221214886743
0.23894 0.9378134488179614 0.05414468471247012
0.242079 0.905560740463993 0.05228257372744432
0.244985 0.8940955897208406 0.05162063294065845
0.248413 0.9129714437374508 0.05271043088042584
0.251286 0.9124997939222287 0.05268320016564767
0.254639 0.9561703477645106 0.05520452076729782
0.258139 1.003130126408349 0.05791574485140835
0.26138 0.9473041063221302 0.05469262807895197
0.264957 0.9772052554111058 0.05641897172651189
0.268322 0.969267670534323 0.05596069504997928
0.271871 0.9712139714963439 0.056073064788413965
0.275688 0.9080051821395857 0.05242370363338649
0.279091 0.9754304363770253 0.056316502501802965
0.282535 0.8269733642673477 0.04774532944724036
0.286151 0.9350372019916624 0.05398439802722007
0.289446 0.8499251291247913 0.04907045020912257
0.293289 0.8683637070971858 0.05013500200470615
0.297123 0.8002093903485522 0.04620011069258029
0.301089 0.9672176638953459 0.05584233786149389
0.305364 0.9593794390585714 0.05538979773954583
0.309329 0.8775652861815748 0.050666255420840314
0.313259 0.9434590609344217 0.05447063427998798
0.316972 0.9525661658166027 0.05499643322551452
0.321157 0.9123361286672854 0.05267375094774782
0.325097 0.9165196179401952 0.05291528481353446
0.329164 0.8847014012924428 0.051078259218863095
0.33326 0.8928460747595506 0.05154849216073272
0.33789 0.9500614506939 0.05485182343048095
0.341891 0.8591139835742576 0.04960096896811693
0.346254 0.985034322471902 0.056870983124017324
0.350523 0.8921998447064974 0.051511182051223854
0.354969 1.019944087807208 0.058886499365385876
0.359687 0.9656440666684875 0.05575148618324161
0.36422 0.8540910022552899 0.049310967006452884
0.368671 0.8785105408965401 0.05072082972725411
0.37317 0.8716335360281153 0.05032378566605377
0.377855 0.8791825502530835 0.05075962820554394
0.382517 0.943626947577147 0.05448032721982507
0.387821 0.9981517380457037 0.05762831746527798
0.392301 0.8513350072159356 0.049151849558667235
0.397628 0.8900249237975625 0.05138561293399988
0.403395 0.9032480035465397 0.05214904779925867
0.408706 0.9077327819645512 0.052407976601948146
0.414118 0.9249387776112401 0.05340136522377728
0.419632 0.911901949860947 0.05264868362267623
0.425111 0.7916648216251887 0.04570678978732597
0.4308 0.941786241125355 0.05437405398328095
0.436093 0.8826200164175638 0.05095809040708323
0.441775 0.9078727980594973 0.052416060434958944
0.44717 0.8601346908041335 0.049659899527510196
0.452724 0.9722930048491004 0.05613536280808182
0.457762 0.8607534031084358 0.04969562089905418
0.463443 0.9304318803758078 0.053718509659758225
0.469578 0.9264289377145544 0.05348739965745569
0.475437 0.8385553336227821 0.04841401475975096
0.481948 0.9957782746988229 0.057491285495054646
0.487766 0.9153409645581807 0.052847235228795725
0.493842 0.8807222038961681 0.0508485201500733
0.500014 0.8917365478011976 0.051484433591924894
0.505821 0.821412196934267 0.04742425530156409
0.512714 0.9631040228126034 0.055604836682846805
0.518054 0.915120373589268 0.052834499403267475
0.523872 0.8418252311804245 0.0486028023832637
0.530277 0.9939679732130444 0.057386767690041786
0.537588 0.8634718010169745 0.04985256767548012
0.544567 0.8994173801228885 0.05192788665277776
0.551601 0.8954328542575168 0.051697839944681225
0.55879 0.8182802923355296 0.04724343470524836
0.565636 0.8272023084217345 0.04775854754415682
0.572074 0.9074066407494501 0.0523891468301149
0.579782 0.8491352624215247 0.049024847233747074
0.587377 0.8549959521913136 0.049363214315369525
0.595048 0.8662316395619886 0.05001190702816849
0.603143 0.8290756933360051 0.04786670747261181
0.612075 0.9103989848841633 0.05256190989928337
0.62071 0.8213534484676888 0.04742086345726475
0.630066 0.8854664034568623 0.05112242663941892
0.639431 0.7883969111793621 0.04551811688976741
0.648519 0.8414798890911538 0.048582864048443405
0.657418 0.8553966484267735 0.049386348523310135
0.666192 0.8596205235305779 0.049630214066130614
0.674543 0.9235001522048093 0.0533183061472107
0.683542 0.9808569163403074 0.05662980046855826
0.693557 0.823175680422014 0.0475260700682003
0.702175 0.7627026992192609 0.044034660870589444
0.711593 0.8496217334554507 0.04905293365198608
0.71941 0.9190348831517763 0.053060503718233426
0.728417 0.8894788543646567 0.05135408560059144
0.737468 0.9101139730547545 0.05254545473364023
0.747134 0.7955252350573513 0.045929670860750206
0.75633 0.9542566186943894 0.05509403156791877
0.765822 0.8805969024511479 0.050841285867772076
0.773951 0.7809244304726388 0.045086693015013314
0.782988 0.8851802083117971 0.0511059031550145
0.791842 0.8921361792961352 0.05150750632704278
0.800755 0.863524943679499 0.04985563586853151
0.810354 0.8202414528885242 0.047356662362567914
0.819069 0.8477458217534084 0.04894462783937108
0.829654 0.8533170555925275 0.04926628317504445
0.838651 0.8435254842915991 0.04870096654240642
0.848696 0.8996710377388217 0.051942531582061864
0.858447 0.790206036105907 0.04562256676610125
0.867506 0.8666014901474289 0.05003326036167489
0.878606 0.9801404104617453 0.056588432982371886
0.889146 0.8666715584573479 0.050037305757434224
0.899249 0.8919028057719107 0.05149403250033951
0.909177 0.7966529377951169 0.04599477880867169
0.91994 0.8738697488631132 0.0504528934742789
0.930723 0.921875420352057 0.05322450220995595
0.941589 0.9263016996309593 0.05348005356327422
0.952297 0.8723090954122632 0.050362789105282905
0.963121 0.8544314362545852 0.049330621972566324
0.974551 0.8630424341732932 0.049827778169202065
0.986335 0.8954618446204644 0.05169951370406639
0.997332 0.8225560742048024 0.04749029708657044
1.008938 0.9871529099324178 0.05699329982808037
1.019966 0.8374404407130327 0.04834964638759482
1.031485 0.9183611667270135 0.053021606682313996
1.043859 0.8469354658170981 0.048897841917574264
1.055602 0.8283881604818095 0.04782701274476716
1.068498 0.854361110276433 0.04932656170032461
1.082425 0.8765920559223593 0.050610065945626156
1.09536 0.8881723787669258 0.05127865619678748
1.108114 0.8879933117646506 0.05126831775859082
1.121051 0.9441606901629979 0.05451114286238696
1.134548 0.8963573848910098 0.05175121774569334
1.147427 0.8533299393369388 0.04926702701837486
1.161585 0.8685510667133962 0.050145819217191585
1.175569 0.8773650773747582 0.05065469635998934
1.189018 0.8831273801191126 0.05098738306404986
1.20163 0.9158448169074357 0.05287632515774315
1.215168 0.9206143135941894 0.05315169217734278
1.230265 0.8878392867808409 0.051259425122004376
1.245845 0.7986252250887191 0.04610864886865974
1.260088 0.8580108446907779 0.049537279214983874
1.274162 0.8759260394872987 0.050571613468819464
1.288253 0.9094584879941222 0.05250761028601964
1.302724 0.8866198346549063 0.05118902002068716
1.317656 0.8997142962977941 0.05194502911612861
1.331948 0.9152154208217828 0.052839986957795286
1.347161 0.9447540400334489 0.05454539993312981
1.362064 0.9282491527946352 0.05359248982410246
1.377253 0.8845791454955486 0.051071200777138406
1.391455 0.9079231348037992 0.05241896662824623
1.406687 0.8859734725504234 0.05115170228718544
1.42009 0.9031378211943568 0.05214268641818939
1.435756 0.932465940542443 0.0538359461782337
1.452014 0.8052525519393607 0.0464912777627823
1.467933 0.951944915705404 0.05496056533362105
1.485482 0.8699069653174587 0.050224102059596515
1.500166 0.9652201284241729 0.05572701009729413
1.515428 0.9936161592253989 0.05736645569999461
1.533653 0.8646030890980758 0.0499178826232956
1.552554 0.8959925793050517 0.051730155685367867
1.570582 0.9142241152703304 0.05278275390509727
1.588804 0.9001831732024066 0.05197209973683809
1.604156 0.8659090037253867 0.04999327963945726
1.622707 0.8842941335658822 0.051054745605706886
1.640619 0.9849521615205986 0.056866239559282133
1.658123 0.9068730333852322 0.05235833899457762
1.675025 0.8034391361759301 0.04638658015486536
1.69158 0.9885756985466274 0.05707544456702176
1.711031 0.9344363252480216 0.05394970639225099
1.730645 0.8857002552282227 0.051135928077733456
1.748835 0.8740613171085949 0.050463953672088606
1.76704 0.9306546446621832 0.053731370961828694
1.786399 0.9285428397921051 0.05360944585080714
1.805929 1.0178700385872788 0.05876675407784201
1.827646 0.9607499525706823 0.055468924374060355
1.847261 0.914207718657272 0.05278180724620096
1.867942 0.8632376751806305 0.04983905041401637
1.888455 0.8634866304241613 0.04985342385170324
1.906428 0.8979350953387035 0.05184230690086127
1.92629 0.8791040437610014 0.05075509563111026
1.944186 0.7827829357555156 0.04519399386754924
1.963401 0.9413807963363364 0.054350645617472805
1.982771 0.8735987154491219 0.05043724535282618
2.000448 0.9464398897262712 0.05464273251052624
2.01936 0.8634708535875547 0.04985251297561706
2.039242 0.8497954671790214 0.049062964173193176
2.059233 0.9514525104031145 0.054932136300238334
2.079313 0.8577454213191068 0.04952195498947552
2.09959 0.9442957320834542 0.05451893951129969
2.119514 0.9532395414135281 0.05503531058372958
2.140399 0.8890398871906938 0.051328741818986154
2.16078 0.919587360236573 0.05309240099759627
2.182972 0.9135238134561724 0.05274232196100546
2.204313 0.9304480662009865 0.05371944414881063
2.225342 0.8832529374486988 0.05099463211985339
2.245114 0.8851117587194385 0.051101951215957085
2.266373 0.8692018163061696 0.050183390262447856
2.289988 0.8550336562349118 0.04936539115934162
2.312469 0.876664446644687 0.050614245425928434
2.334261 0.9002654201278246 0.0519768482652911
2.358525 0.8999566783083164 0.05195902304803079
2.381323 0.8176153204740447 0.04720504253692518
2.40155 0.8839907550435345 0.05103723003855251
2.423276 0.9003427625458216 0.051981313631876136
2.445692 0.8696758525134467 0.05021075875563557
2.471469 0.9709854468779993 0.05605987091342219
2.492331 0.9074474437566973 0.05239150259283669
2.517296 0.9962283531430022 0.05751727078614498
2.541406 0.8733153230746404 0.05042088368645686
2.561905 0.9074669527011281 0.052392628942268565
2.586527 0.9621438139832494 0.05554939900023622
2.60939 0.9297384879422722 0.053678476628942644
2.636325 0.9400874077675995 0.0542759717936401
2.658343 0.8192749592927449 0.04730086182879859
2.680521 0.8911382751806587 0.051449892306073206
2.703704 0.8833901305203071 0.05100255296553579
2.727964 0.9153443620854699 0.052847431385125224
2.75395 0.879522339289985 0.05077924593473622
2.77896 0.9084192257342624 0.05244760845147078
2.804689 0.8719555693425614 0.050342378268132114
2.828702 0.8399665527691493 0.04849549153515503
2.855875 0.8675397491816825 0.050087430772274476
2.878752 0.8127179461638477 0.04692229249929372
2.903469 0.9273342228850148 0.053539666321141564
2.930353 0.9494262348568169 0.054815149227027606
2.955359 0.9830263791444376 0.05675505446195441
2.979538 0.9220624139099838 0.05323529828805652
3.006925 0.9445377879338901 0.054532914612340506
3.032899 0.9151791699931466 0.05283789401522814
3.058138 0.972815252866104 0.0561655148114019
3.084312 0.9899080347571658 0.057152367034002304
3.108031 0.9078317946177299 0.05241369310014474
3.135081 0.9069537584503138 0.05236299965838315
3.159931 0.9087112972909588 0.052464471210658906
3.18757 0.9367347629510326 0.054082406754905894
3.216356 0.8990037895069581 0.05190400798743359
3.244758 0.8247846408307258 0.04761896344070883
3.272583 0.9457771660791553 0.054604470142920164
3.300175 0.9261161152639354 0.053469338844848356
3.325612 0.8453931128298455 0.048808794126336694
3.350022 0.9915040496838315 0.057244512998756415
3.376184 0.9614611476119045 0.05550998523890995
3.401476 0.9789154677758056 0.05651771088342498
3.429963 0.8888498450456777 0.05131776973062791
3.455422 0.9063613087300786 0.05232879455783723
3.48562 0.9233701727381921 0.05331080177920664
3.513289 0.9447863113322567 0.05454726311743519
3.544423 0.946123236198723 0.05462445051058925
3.57195 0.8665233842547113 0.050028750915856304
3.599359 0.862698531161937 0.0498079229195839
3.630685 1.0211455334387598 0.05895586486126519
3.661223 0.8604693842041523 0.04967922305996988
3.692672 0.9915029533384546 0.057244449701226566
3.723802 0.928667520065438 0.053616644269744274
3.753569 0.9096053446209692 0.052516089057323884
3.78721 0.946955966194255 0.05467252819929753
3.81968 0.9578519672439054 0.05530160911320813
3.8516 0.9724771477713775 0.05614599430465642
3.883156 0.896184462714122 0.05174123407915584
3.911568 0.9197639708412926 0.05310259761561393
3.940732 0.884202694440411 0.05104946636533637
3.970706 0.927991467714659 0.05357761236907342
4.00377 0.9247150576215306 0.053388448744149095
4.038363 0.9701305448796008 0.05601051312353158
4.071063 0.9291116342425693 0.05364228521371604
4.105583 1.0087158198347799 0.05823823501174442
4.136593 1.0342057498662178 0.059709896808271955
4.169339 1.1036655463200198 0.06372016002631788
4.201186 1.0020252016323787 0.05785195198972429
4.234175 0.9346187372328338 0.053960237953104465
4.268549 1.0008260901176596 0.05778272125414313
4.303599 0.9931613576350079 0.05734019771793059
4.336031 0.9406030732166435 0.05430574375222184
4.369641 0.9612247927419103 0.05549633928412841
4.403731 0.967009839598933 0.05583033912014608
4.435694 0.9086381379816376 0.052460247355965876
4.470221 0.8757703662253083 0.05056262566884789
4.509425 0.9225305731406395 0.05326232747384079
4.545012 0.8796763630945065 0.05078813850323642
4.581989 1.0509341796250307 0.06067571315070899
4.620613 0.9186673049295654 0.05303928157967926
4.66277 0.9252807461315977 0.053421108785505565
4.703582 0.9004845972829832 0.051989502464244206
4.744542 0.9471660975820553 0.05468466014062869
4.782844 1.0053509014987299 0.05804396136103246
4.822227 0.9586334768995305 0.05534672959421308
4.857389 0.900367085303345 0.05198271790693649
4.89581 0.8979781505017984 0.051844792691861555
4.933618 0.9664230702729817 0.05579646197731705
4.976436 1.046561012310905 0.06042322821810682
5.022447 0.9652353597843013 0.05572788948028116
5.06757 1.0105536040939043 0.058344339535416206
5.105309 0.9234389616910262 0.053314773311250244
5.149167 1.0005589751606268 0.05776729936490839
5.195713 0.9755582799444233 0.0563238835536081
5.23925 0.9446730489356326 0.054540723909917196
5.281993 0.9026160019212354 0.052112559168408894
5.328352 0.9261470660857214 0.05347112579137733
5.378552 0.8926421958937892 0.051536721208929784
5.42001 0.9687603919840339 0.05593140730922293
5.469539 1.0258262864766308 0.05922610826390769
5.516155 0.9922214741324425 0.05728593351860929
5.560911 1.0392854402299394 0.06000317286816142
5.61096 0.9672468250050256 0.05584402147894623
5.656149 0.9910468194603528 0.057218114799495706
5.707067 0.9670595540232227 0.055833209383770704
5.75488 0.9338505856084046 0.0539158886983902
5.804688 0.9860038585744711 0.05692695931699806
5.853029 0.9749335310059929 0.05628781365683023
5.903184 1.0397356518482659 0.060029165848064725
5.952211 0.9834131665607428 0.05677738564384671
6.006356 1.00286936749583 0.057900689928574715
6.059485 0.9364807788015685 0.05406774297319959
6.11102 1.047866901400955 0.06049862375987403
6.158582 0.9590422670979936 0.05537033110732555
6.212181 0.9606693694841811 0.055464271907392
6.269469 0.8824581901334643 0.05094874736221455
6.318413 1.0073240654081137 0.05815788203245626
6.371021 0.9799456704713373 0.056577189663783486
6.425955 0.9630579927661134 0.05560217913687362
6.483169 1.0426119002910301 0.06019522612933335
6.539481 1.0428974028338145 0.06021170962632643
6.592996 0.9465942142415283 0.05465164244056886
6.647985 1.0558887560107935 0.06096176575171306
6.702304 1.013775239003122 0.058530340713622966
6.762815 1.028137366880965 0.05935953855326381
6.821183 1.0182025449012284 0.05878595133882862
6.878924 0.9427145096925806 0.05442764759399774
6.937391 0.8920397239939565 0.05150193747757502
6.998773 1.030006373016834 0.05946744567282992
7.062712 1.0227209313274745 0.05904682050077821
7.119631 1.0166455628328193 0.05869605893719668
7.183596 1.06020922678337 0.06121120824807036
7.242217 1.087087029822248 0.06276299893004256
7.302979 1.0138425932511248 0.05853422941294451
7.366943 0.9603988674431532 0.05544865446477162
7.430542 1.0307617726092775 0.05951105868863421
7.490174 0.9309804092507776 0.053750178989120434
7.546063 0.9717003967791652 0.056101148565211714
7.614484 1.0293911392359558 0.059431925133929454
7.676853 1.1013397600292827 0.06358588069221441
7.743992 0.9547779710692309 0.05512413186131451
7.813284 1.0733544969296245 0.0619701507738214
7.890279 0.9384652513718318 0.05418231655046368
7.959379 0.9644801655255903 0.06906785922488895
